0.000000E+0 3.579023E-2 -2.193056E-2
1.000000E-4 2.249628E-2 -2.024336E-2
2.000000E-4 1.501843E-2 -1.771255E-2
3.000000E-4 3.386227E-3 -1.602535E-2
4.000000E-4 -8.245979E-3 -1.054195E-2
5.000000E-4 -1.904731E-2 -4.636745E-3
6.000000E-4 -2.569429E-2 -1.684143E-3
7.000000E-4 -3.400300E-2 5.908262E-3
8.000000E-4 -4.480434E-2 8.439063E-3
9.000000E-4 -4.729695E-2 1.096987E-2
1.000000E-3 -4.895870E-2 2.024947E-2
1.100000E-3 -4.978957E-2 2.151487E-2
1.200000E-3 -4.646608E-2 2.024947E-2
1.300000E-3 -3.649562E-2 2.446747E-2
1.400000E-3 -3.317213E-2 2.615467E-2
1.500000E-3 -2.403254E-2 1.856227E-2
1.600000E-3 -1.572382E-2 1.856227E-2
1.700000E-3 -8.245979E-3 1.223527E-2
1.800000E-3 5.047970E-3 5.486462E-3
1.900000E-3 1.418756E-2 3.058052E-6
2.000000E-3 1.751105E-2 -7.167547E-3
2.100000E-3 2.665064E-2 -1.560355E-2
2.200000E-3 3.579023E-2 -2.361776E-2
2.300000E-3 3.579023E-2 -2.994476E-2
2.400000E-3 3.745197E-2 -3.036656E-2
2.500000E-3 3.994459E-2 -3.542816E-2
2.600000E-3 3.662110E-2 -3.711537E-2
2.700000E-3 2.914325E-2 -3.036656E-2
2.800000E-3 2.083453E-2 -2.614856E-2
2.900000E-3 1.252582E-2 -1.939975E-2
3.000000E-3 6.709714E-3 -8.854748E-3
3.100000E-3 -3.260748E-3 -2.105943E-3
3.200000E-3 -9.076850E-3 6.751862E-3
3.300000E-3 -1.738557E-2 1.771867E-2
3.400000E-3 -2.569429E-2 2.151487E-2
3.500000E-3 -2.984865E-2 2.573287E-2
3.600000E-3 -3.400300E-2 3.248168E-2
3.700000E-3 -3.566475E-2 2.952908E-2
3.800000E-3 -3.483388E-2 3.037268E-2
3.900000E-3 -3.649562E-2 2.320207E-2
4.000000E-3 -3.317213E-2 2.235847E-2
4.100000E-3 -2.403254E-2 1.476607E-2
4.200000E-3 -2.070906E-2 1.012626E-2
4.300000E-3 -9.907722E-3 5.486462E-3
4.400000E-3 -4.091620E-3 3.058052E-6
4.500000E-3 3.386227E-3 -2.527744E-3
4.600000E-3 1.169494E-2 -2.105943E-3
4.700000E-3 1.584930E-2 -1.349455E-2
4.800000E-3 2.415802E-2 -1.475995E-2
4.900000E-3 3.080500E-2 -1.307275E-2
5.000000E-3 4.243720E-2 -1.897795E-2
5.100000E-3 4.326807E-2 -1.939975E-2
5.200000E-3 4.659156E-2 -1.602535E-2
5.300000E-3 5.157679E-2 -1.897795E-2
5.400000E-3 5.240766E-2 -1.602535E-2
5.500000E-3 4.492982E-2 -1.012015E-2
5.600000E-3 3.745197E-2 -1.096375E-2
5.700000E-3 3.412848E-2 -1.180735E-2
5.800000E-3 2.083453E-2 -5.058545E-3
5.900000E-3 6.709714E-3 -1.684143E-3
6.000000E-3 -7.681324E-4 1.268459E-3
6.100000E-3 -1.323121E-2 7.595463E-3
6.200000E-3 -2.403254E-2 1.223527E-2
6.300000E-3 -3.649562E-2 1.814047E-2
6.400000E-3 -4.563521E-2 1.982767E-2
6.500000E-3 -5.311306E-2 2.193667E-2
6.600000E-3 -5.976003E-2 2.278027E-2
6.700000E-3 -6.391439E-2 2.235847E-2
6.800000E-3 -6.308352E-2 1.982767E-2
6.900000E-3 -6.142177E-2 1.350067E-2
7.000000E-3 -5.809829E-2 1.012626E-2
7.100000E-3 -4.646608E-2 7.173663E-3
7.200000E-3 -3.400300E-2 -1.262343E-3
7.300000E-3 -2.070906E-2 -4.636745E-3
7.400000E-3 -9.907722E-3 -1.180735E-2
7.500000E-3 3.386227E-3 -1.686895E-2
7.600000E-3 1.668018E-2 -2.319596E-2
7.700000E-3 3.080500E-2 -2.403956E-2
7.800000E-3 4.326807E-2 -2.614856E-2
7.900000E-3 5.323854E-2 -2.446136E-2
8.000000E-3 6.154725E-2 -2.572676E-2
8.100000E-3 6.902510E-2 -1.855615E-2
8.200000E-3 7.317946E-2 -1.391635E-2
8.300000E-3 6.985597E-2 -1.012015E-2
8.400000E-3 6.653248E-2 -2.527744E-3
8.500000E-3 5.822377E-2 7.173663E-3
8.600000E-3 4.659156E-2 8.017263E-3
8.700000E-3 3.080500E-2 1.181347E-2
8.800000E-3 1.751105E-2 1.687507E-2
8.900000E-3 6.273941E-5 1.603147E-2
9.000000E-3 -1.323121E-2 1.940587E-2
9.100000E-3 -2.652516E-2 1.856227E-2
9.200000E-3 -3.981911E-2 1.350067E-2
9.300000E-3 -4.895870E-2 1.265707E-2
9.400000E-3 -5.643654E-2 9.282664E-3
9.500000E-3 -6.142177E-2 1.690259E-3
9.600000E-3 -6.557613E-2 1.268459E-3
9.700000E-3 -6.391439E-2 3.058052E-6
9.800000E-3 -6.142177E-2 -4.214945E-3
9.900000E-3 -5.560567E-2 -5.902146E-3
1.000000E-2 -4.563521E-2 -5.902146E-3
1.010000E-2 -3.732649E-2 -1.012015E-2
1.020000E-2 -2.237080E-2 -1.262343E-3
1.030000E-2 -1.240034E-2 3.058052E-6
1.040000E-2 -3.260748E-3 -4.214945E-3
1.050000E-2 1.086407E-2 3.058052E-6
1.060000E-2 2.498889E-2 5.908262E-3
1.070000E-2 3.329761E-2 3.377460E-3
1.080000E-2 4.492982E-2 5.908262E-3
1.090000E-2 5.240766E-2 7.173663E-3
1.100000E-2 6.154725E-2 6.330062E-3
1.110000E-2 6.570161E-2 5.064661E-3
1.120000E-2 6.902510E-2 4.642861E-3
1.130000E-2 6.653248E-2 4.248583E-4
1.140000E-2 5.988551E-2 3.058052E-6
1.150000E-2 5.074592E-2 -2.105943E-3
1.160000E-2 4.160633E-2 -2.949544E-3
1.170000E-2 2.748151E-2 -6.323946E-3
1.180000E-2 1.584930E-2 -6.745746E-3
1.190000E-2 1.724483E-3 -3.371344E-3
1.200000E-2 -1.073859E-2 -5.058545E-3
1.210000E-2 -2.403254E-2 -4.214945E-3
1.220000E-2 -3.566475E-2 2.955660E-3
1.230000E-2 -4.978957E-2 8.466586E-4
1.240000E-2 -5.809829E-2 2.533860E-3
1.250000E-2 -6.474526E-2 2.533860E-3
1.260000E-2 -7.056136E-2 3.377460E-3
1.270000E-2 -6.973049E-2 3.799261E-3
1.280000E-2 -6.557613E-2 7.595463E-3
1.290000E-2 -5.976003E-2 6.330062E-3
1.300000E-2 -4.895870E-2 3.377460E-3
1.310000E-2 -3.732649E-2 5.908262E-3
1.320000E-2 -2.735603E-2 4.221061E-3
1.330000E-2 -1.073859E-2 4.248583E-4
1.340000E-2 3.386227E-3 4.248583E-4
1.350000E-2 1.335669E-2 -1.262343E-3
1.360000E-2 2.581977E-2 -5.902146E-3
1.370000E-2 3.662110E-2 -7.589347E-3
1.380000E-2 4.576069E-2 -8.011147E-3
1.390000E-2 5.240766E-2 -1.307275E-2
1.400000E-2 5.739289E-2 -1.518175E-2
1.410000E-2 6.071638E-2 -1.349455E-2
1.420000E-2 6.071638E-2 -1.644715E-2
1.430000E-2 5.739289E-2 -1.518175E-2
1.440000E-2 4.825330E-2 -1.602535E-2
1.450000E-2 3.828284E-2 -1.391635E-2
1.460000E-2 2.997412E-2 -1.138555E-2
1.470000E-2 1.418756E-2 -1.012015E-2
1.480000E-2 -7.681324E-4 -8.432947E-3
1.490000E-2 -9.907722E-3 -5.058545E-3
1.500000E-2 -2.320167E-2 1.268459E-3
1.510000E-2 -3.400300E-2 4.642861E-3
1.520000E-2 -3.981911E-2 8.017263E-3
1.530000E-2 -5.145131E-2 9.704464E-3
1.540000E-2 -5.477480E-2 1.096987E-2
1.550000E-2 -5.976003E-2 1.350067E-2
1.560000E-2 -6.308352E-2 1.350067E-2
1.570000E-2 -5.726742E-2 1.012626E-2
1.580000E-2 -5.145131E-2 9.704464E-3
1.590000E-2 -4.646608E-2 1.012626E-2
1.600000E-2 -3.566475E-2 5.064661E-3
1.610000E-2 -2.652516E-2 5.486462E-3
1.620000E-2 -1.406208E-2 3.377460E-3
1.630000E-2 -2.429876E-3 -2.949544E-3
1.640000E-2 5.878842E-3 -1.684143E-3
1.650000E-2 1.917279E-2 -5.058545E-3
1.660000E-2 2.914325E-2 -1.012015E-2
1.670000E-2 3.579023E-2 -7.589347E-3
1.680000E-2 4.409895E-2 -6.323946E-3
1.690000E-2 5.240766E-2 -1.012015E-2
1.700000E-2 5.739289E-2 -9.698348E-3
1.710000E-2 5.656202E-2 -1.012015E-2
1.720000E-2 5.323854E-2 -8.011147E-3
1.730000E-2 5.240766E-2 -8.432947E-3
1.740000E-2 4.077546E-2 -6.323946E-3
1.750000E-2 2.997412E-2 -6.745746E-3
1.760000E-2 2.000366E-2 -4.214945E-3
1.770000E-2 5.878842E-3 3.058052E-6
1.780000E-2 -4.922491E-3 4.248583E-4
1.790000E-2 -1.572382E-2 2.112059E-3
1.800000E-2 -2.735603E-2 4.221061E-3
1.810000E-2 -3.649562E-2 5.064661E-3
1.820000E-2 -4.480434E-2 6.751862E-3
1.830000E-2 -5.311306E-2 6.751862E-3
1.840000E-2 -5.892916E-2 6.330062E-3
1.850000E-2 -6.059090E-2 5.908262E-3
1.860000E-2 -6.059090E-2 4.642861E-3
1.870000E-2 -5.560567E-2 1.268459E-3
1.880000E-2 -4.729695E-2 8.466586E-4
1.890000E-2 -4.064998E-2 8.466586E-4
1.900000E-2 -2.818690E-2 -2.105943E-3
1.910000E-2 -1.987818E-2 -3.371344E-3
1.920000E-2 -8.245979E-3 -5.480345E-3
1.930000E-2 8.936112E-4 -6.323946E-3
1.940000E-2 1.252582E-2 -9.276548E-3
1.950000E-2 2.332715E-2 -1.012015E-2
1.960000E-2 3.495936E-2 -1.012015E-2
1.970000E-2 4.243720E-2 -1.180735E-2
1.980000E-2 5.157679E-2 -1.138555E-2
1.990000E-2 5.573115E-2 -9.276548E-3
2.000000E-2 5.822377E-2 -1.096375E-2
2.010000E-2 5.822377E-2 -7.589347E-3
2.020000E-2 5.490028E-2 -5.058545E-3
2.030000E-2 4.908418E-2 -4.187422E-4
2.040000E-2 3.579023E-2 3.058052E-6
2.050000E-2 2.415802E-2 1.690259E-3
2.060000E-2 1.169494E-2 9.282664E-3
2.070000E-2 -2.429876E-3 7.173663E-3
2.080000E-2 -1.240034E-2 1.181347E-2
2.090000E-2 -2.569429E-2 1.856227E-2
2.100000E-2 -3.483388E-2 1.265707E-2
2.110000E-2 -4.314259E-2 1.687507E-2
2.120000E-2 -4.978957E-2 1.898407E-2
2.130000E-2 -5.560567E-2 1.223527E-2
2.140000E-2 -6.059090E-2 1.054806E-2
2.150000E-2 -5.976003E-2 1.012626E-2
2.160000E-2 -5.477480E-2 2.955660E-3
2.170000E-2 -5.311306E-2 -4.187422E-4
2.180000E-2 -4.148085E-2 -1.684143E-3
2.190000E-2 -3.067952E-2 -8.432947E-3
2.200000E-2 -2.320167E-2 -8.432947E-3
2.210000E-2 -9.076850E-3 -9.698348E-3
2.220000E-2 4.217098E-3 -1.391635E-2
2.230000E-2 1.169494E-2 -1.602535E-2
2.240000E-2 2.665064E-2 -1.518175E-2
2.250000E-2 3.579023E-2 -1.475995E-2
2.260000E-2 4.492982E-2 -1.602535E-2
2.270000E-2 5.323854E-2 -1.349455E-2
2.280000E-2 5.905464E-2 -1.475995E-2
2.290000E-2 6.154725E-2 -1.012015E-2
2.300000E-2 6.154725E-2 -6.745746E-3
2.310000E-2 5.656202E-2 -6.323946E-3
2.320000E-2 5.074592E-2 -3.371344E-3
2.330000E-2 3.828284E-2 -2.105943E-3
2.340000E-2 2.581977E-2 -1.684143E-3
2.350000E-2 1.751105E-2 -1.684143E-3
2.360000E-2 6.273941E-5 -4.187422E-4
2.370000E-2 -9.907722E-3 -4.187422E-4
2.380000E-2 -1.821644E-2 3.377460E-3
2.390000E-2 -3.566475E-2 5.064661E-3
2.400000E-2 -4.148085E-2 1.268459E-3
2.410000E-2 -5.062044E-2 6.330062E-3
2.420000E-2 -5.976003E-2 8.860864E-3
2.430000E-2 -5.976003E-2 6.751862E-3
2.440000E-2 -6.225265E-2 6.751862E-3
2.450000E-2 -6.225265E-2 6.751862E-3
2.460000E-2 -5.394393E-2 5.064661E-3
2.470000E-2 -4.812783E-2 7.595463E-3
2.480000E-2 -3.981911E-2 5.064661E-3
2.490000E-2 -2.901777E-2 2.955660E-3
2.500000E-2 -1.489295E-2 5.064661E-3
2.510000E-2 -4.091620E-3 8.466586E-4
2.520000E-2 8.371458E-3 3.058052E-6
2.530000E-2 1.917279E-2 -3.371344E-3
2.540000E-2 2.997412E-2 -6.745746E-3
2.550000E-2 3.994459E-2 -5.480345E-3
2.560000E-2 4.908418E-2 -9.276548E-3
2.570000E-2 5.406941E-2 -1.180735E-2
2.580000E-2 5.905464E-2 -1.180735E-2
2.590000E-2 6.320900E-2 -1.096375E-2
2.600000E-2 5.905464E-2 -1.138555E-2
2.610000E-2 5.406941E-2 -1.012015E-2
2.620000E-2 4.576069E-2 -1.138555E-2
2.630000E-2 3.246674E-2 -1.265095E-2
2.640000E-2 2.332715E-2 -1.012015E-2
2.650000E-2 8.371458E-3 -7.167547E-3
2.660000E-2 -7.415107E-3 -8.432947E-3
2.670000E-2 -1.738557E-2 -2.527744E-3
2.680000E-2 -3.067952E-2 -1.684143E-3
2.690000E-2 -4.314259E-2 2.112059E-3
2.700000E-2 -5.228218E-2 4.221061E-3
2.710000E-2 -6.059090E-2 4.642861E-3
2.720000E-2 -6.474526E-2 5.064661E-3
2.730000E-2 -6.723788E-2 4.221061E-3
2.740000E-2 -6.723788E-2 7.595463E-3
2.750000E-2 -5.976003E-2 3.377460E-3
2.760000E-2 -5.477480E-2 2.533860E-3
2.770000E-2 -4.480434E-2 6.330062E-3
2.780000E-2 -3.151039E-2 3.377460E-3
2.790000E-2 -1.987818E-2 3.058052E-6
2.800000E-2 -9.907722E-3 4.642861E-3
2.810000E-2 3.386227E-3 8.466586E-4
2.820000E-2 1.418756E-2 -3.371344E-3
2.830000E-2 2.665064E-2 -1.262343E-3
2.840000E-2 3.579023E-2 -6.745746E-3
2.850000E-2 4.492982E-2 -5.058545E-3
2.860000E-2 5.406941E-2 -4.636745E-3
2.870000E-2 5.822377E-2 -7.167547E-3
2.880000E-2 6.154725E-2 -9.276548E-3
2.890000E-2 6.071638E-2 -8.854748E-3
2.900000E-2 5.739289E-2 -9.276548E-3
2.910000E-2 4.908418E-2 -9.698348E-3
2.920000E-2 3.911371E-2 -9.698348E-3
2.930000E-2 2.581977E-2 -1.138555E-2
2.940000E-2 1.335669E-2 -6.745746E-3
2.950000E-2 2.555355E-3 -7.167547E-3
2.960000E-2 -1.073859E-2 -7.167547E-3
2.970000E-2 -2.070906E-2 -3.371344E-3
2.980000E-2 -3.483388E-2 2.112059E-3
2.990000E-2 -4.314259E-2 5.064661E-3
3.000000E-2 -5.062044E-2 7.173663E-3
3.010000E-2 -5.892916E-2 9.704464E-3
3.020000E-2 -6.225265E-2 1.096987E-2
3.030000E-2 -6.142177E-2 1.265707E-2
3.040000E-2 -6.059090E-2 1.181347E-2
3.050000E-2 -5.726742E-2 8.439063E-3
3.060000E-2 -4.812783E-2 8.017263E-3
3.070000E-2 -3.732649E-2 6.751862E-3
3.080000E-2 -2.818690E-2 5.064661E-3
3.090000E-2 -1.572382E-2 3.377460E-3
3.100000E-2 8.936112E-4 2.112059E-3
3.110000E-2 7.540586E-3 -4.214945E-3
3.120000E-2 2.083453E-2 -5.058545E-3
3.130000E-2 3.329761E-2 -7.589347E-3
3.140000E-2 4.077546E-2 -1.180735E-2
3.150000E-2 5.074592E-2 -9.698348E-3
3.160000E-2 5.739289E-2 -9.276548E-3
3.170000E-2 6.071638E-2 -1.265095E-2
3.180000E-2 6.154725E-2 -1.012015E-2
3.190000E-2 6.071638E-2 -7.589347E-3
3.200000E-2 5.490028E-2 -1.012015E-2
3.210000E-2 4.409895E-2 -6.323946E-3
3.220000E-2 3.412848E-2 -3.793144E-3
3.230000E-2 1.751105E-2 -5.902146E-3
3.240000E-2 5.878842E-3 -1.684143E-3
3.250000E-2 -7.415107E-3 3.058052E-6
3.260000E-2 -1.904731E-2 4.248583E-4
3.270000E-2 -3.067952E-2 3.377460E-3
3.280000E-2 -3.981911E-2 4.642861E-3
3.290000E-2 -4.729695E-2 6.751862E-3
3.300000E-2 -5.643654E-2 1.139167E-2
3.310000E-2 -5.726742E-2 1.054806E-2
3.320000E-2 -6.308352E-2 8.439063E-3
3.330000E-2 -6.308352E-2 8.017263E-3
3.340000E-2 -5.726742E-2 7.595463E-3
3.350000E-2 -5.062044E-2 6.330062E-3
3.360000E-2 -3.981911E-2 2.955660E-3
3.370000E-2 -3.151039E-2 2.955660E-3
3.380000E-2 -1.987818E-2 4.248583E-4
3.390000E-2 -8.245979E-3 -4.187422E-4
3.400000E-2 3.386227E-3 -2.527744E-3
3.410000E-2 1.584930E-2 -6.323946E-3
3.420000E-2 2.498889E-2 -5.058545E-3
3.430000E-2 3.579023E-2 -6.745746E-3
3.440000E-2 4.659156E-2 -8.854748E-3
3.450000E-2 5.406941E-2 -1.054195E-2
3.460000E-2 5.573115E-2 -9.698348E-3
3.470000E-2 6.403987E-2 -8.854748E-3
3.480000E-2 5.905464E-2 -8.432947E-3
3.490000E-2 5.323854E-2 -8.432947E-3
3.500000E-2 4.825330E-2 -8.011147E-3
3.510000E-2 3.662110E-2 -6.745746E-3
3.520000E-2 2.415802E-2 -5.058545E-3
3.530000E-2 1.252582E-2 -3.793144E-3
3.540000E-2 -1.599004E-3 -2.105943E-3
3.550000E-2 -1.156947E-2 -1.262343E-3
3.560000E-2 -2.237080E-2 8.466586E-4
3.570000E-2 -3.400300E-2 2.955660E-3
3.580000E-2 -4.397347E-2 8.466586E-4
3.590000E-2 -5.062044E-2 3.799261E-3
3.600000E-2 -5.477480E-2 5.064661E-3
3.610000E-2 -6.059090E-2 5.064661E-3
3.620000E-2 -5.892916E-2 5.064661E-3
3.630000E-2 -5.643654E-2 8.466586E-4
3.640000E-2 -5.062044E-2 2.533860E-3
3.650000E-2 -4.064998E-2 1.268459E-3
3.660000E-2 -3.067952E-2 1.690259E-3
3.670000E-2 -2.320167E-2 -1.262343E-3
3.680000E-2 -9.076850E-3 -1.262343E-3
3.690000E-2 3.386227E-3 8.466586E-4
3.700000E-2 1.252582E-2 -2.949544E-3
3.710000E-2 2.581977E-2 -1.684143E-3
3.720000E-2 3.495936E-2 -1.684143E-3
3.730000E-2 4.326807E-2 -5.058545E-3
3.740000E-2 5.240766E-2 -5.902146E-3
3.750000E-2 5.739289E-2 -4.214945E-3
3.760000E-2 5.905464E-2 -6.745746E-3
3.770000E-2 5.988551E-2 -5.902146E-3
3.780000E-2 5.656202E-2 -2.527744E-3
3.790000E-2 4.825330E-2 -7.589347E-3
3.800000E-2 3.745197E-2 -3.793144E-3
3.810000E-2 2.748151E-2 -2.949544E-3
3.820000E-2 1.584930E-2 -5.480345E-3
3.830000E-2 6.273941E-5 3.058052E-6
3.840000E-2 -9.076850E-3 -8.405425E-4
3.850000E-2 -2.070906E-2 -1.262343E-3
3.860000E-2 -3.400300E-2 4.221061E-3
3.870000E-2 -4.314259E-2 5.064661E-3
3.880000E-2 -4.978957E-2 3.799261E-3
3.890000E-2 -5.892916E-2 6.330062E-3
3.900000E-2 -6.142177E-2 8.017263E-3
3.910000E-2 -5.976003E-2 5.486462E-3
3.920000E-2 -6.059090E-2 6.751862E-3
3.930000E-2 -5.394393E-2 6.751862E-3
3.940000E-2 -4.563521E-2 2.112059E-3
3.950000E-2 -3.649562E-2 3.377460E-3
3.960000E-2 -2.320167E-2 1.690259E-3
3.970000E-2 -1.240034E-2 3.058052E-6
3.980000E-2 8.936112E-4 -1.684143E-3
3.990000E-2 1.335669E-2 -4.187422E-4
4.000000E-2 2.332715E-2 -1.262343E-3
4.010000E-2 3.579023E-2 -5.480345E-3
4.020000E-2 4.326807E-2 -5.480345E-3
4.030000E-2 5.323854E-2 -4.214945E-3
4.040000E-2 5.988551E-2 -6.323946E-3
4.050000E-2 6.653248E-2 -6.323946E-3
4.060000E-2 6.653248E-2 -1.096375E-2
4.070000E-2 6.570161E-2 -9.698348E-3
4.080000E-2 5.988551E-2 -7.589347E-3
4.090000E-2 4.991505E-2 -5.058545E-3
4.100000E-2 3.911371E-2 -5.480345E-3
4.110000E-2 2.415802E-2 -5.480345E-3
4.120000E-2 1.003320E-2 -4.214945E-3
4.130000E-2 -3.260748E-3 -1.262343E-3
4.140000E-2 -1.655470E-2 2.533860E-3
4.150000E-2 -2.901777E-2 2.955660E-3
4.160000E-2 -3.732649E-2 8.017263E-3
4.170000E-2 -4.895870E-2 8.017263E-3
4.180000E-2 -5.643654E-2 1.012626E-2
4.190000E-2 -5.976003E-2 1.012626E-2
4.200000E-2 -6.557613E-2 1.012626E-2
4.210000E-2 -6.640701E-2 8.860864E-3
4.220000E-2 -6.142177E-2 9.704464E-3
4.230000E-2 -5.477480E-2 6.751862E-3
4.240000E-2 -4.729695E-2 4.642861E-3
4.250000E-2 -3.566475E-2 3.377460E-3
4.260000E-2 -2.070906E-2 3.058052E-6
4.270000E-2 -9.907722E-3 -1.684143E-3
4.280000E-2 8.936112E-4 -1.684143E-3
4.290000E-2 1.335669E-2 -6.323946E-3
4.300000E-2 2.083453E-2 -6.323946E-3
4.310000E-2 3.495936E-2 -7.167547E-3
4.320000E-2 4.409895E-2 -1.138555E-2
4.330000E-2 5.240766E-2 -1.222915E-2
4.340000E-2 5.905464E-2 -1.307275E-2
4.350000E-2 6.320900E-2 -1.433815E-2
4.360000E-2 6.237813E-2 -1.391635E-2
4.370000E-2 5.905464E-2 -1.433815E-2
4.380000E-2 5.406941E-2 -1.349455E-2
4.390000E-2 4.243720E-2 -1.180735E-2
4.400000E-2 2.997412E-2 -9.698348E-3
4.410000E-2 2.332715E-2 -7.589347E-3
4.420000E-2 6.709714E-3 -4.214945E-3
4.430000E-2 -6.584235E-3 8.466586E-4
4.440000E-2 -1.655470E-2 4.248583E-4
4.450000E-2 -2.984865E-2 5.064661E-3
4.460000E-2 -4.148085E-2 8.439063E-3
4.470000E-2 -4.729695E-2 1.012626E-2
4.480000E-2 -5.311306E-2 1.181347E-2
4.490000E-2 -5.809829E-2 1.307887E-2
4.500000E-2 -6.059090E-2 1.181347E-2
4.510000E-2 -5.809829E-2 1.307887E-2
4.520000E-2 -5.394393E-2 1.012626E-2
4.530000E-2 -4.563521E-2 1.012626E-2
4.540000E-2 -3.649562E-2 7.595463E-3
4.550000E-2 -2.569429E-2 5.908262E-3
4.560000E-2 -1.156947E-2 5.064661E-3
4.570000E-2 -7.681324E-4 2.112059E-3
4.580000E-2 8.371458E-3 1.268459E-3
4.590000E-2 2.249628E-2 -3.371344E-3
4.600000E-2 3.080500E-2 -4.214945E-3
4.610000E-2 3.911371E-2 -3.371344E-3
4.620000E-2 4.908418E-2 -7.167547E-3
4.630000E-2 5.656202E-2 -9.698348E-3
4.640000E-2 5.822377E-2 -6.745746E-3
4.650000E-2 6.071638E-2 -7.167547E-3
4.660000E-2 5.905464E-2 -8.432947E-3
4.670000E-2 5.406941E-2 -5.480345E-3
4.680000E-2 4.492982E-2 -6.745746E-3
4.690000E-2 3.579023E-2 -3.371344E-3
4.700000E-2 2.249628E-2 -5.058545E-3
4.710000E-2 9.202329E-3 -4.214945E-3
4.720000E-2 -4.091620E-3 -2.527744E-3
4.730000E-2 -1.323121E-2 3.058052E-6
4.740000E-2 -2.652516E-2 2.533860E-3
4.750000E-2 -3.400300E-2 5.064661E-3
4.760000E-2 -4.397347E-2 5.064661E-3
4.770000E-2 -4.812783E-2 6.751862E-3
4.780000E-2 -5.311306E-2 1.012626E-2
4.790000E-2 -5.976003E-2 5.064661E-3
4.800000E-2 -5.643654E-2 5.486462E-3
4.810000E-2 -5.311306E-2 6.330062E-3
4.820000E-2 -4.646608E-2 8.439063E-3
4.830000E-2 -4.064998E-2 5.486462E-3
4.840000E-2 -2.901777E-2 3.377460E-3
4.850000E-2 -1.655470E-2 2.533860E-3
4.860000E-2 -4.922491E-3 2.112059E-3
4.870000E-2 5.878842E-3 3.058052E-6
4.880000E-2 1.418756E-2 -4.187422E-4
4.890000E-2 2.581977E-2 -4.636745E-3
4.900000E-2 3.412848E-2 -4.636745E-3
4.910000E-2 4.326807E-2 -3.793144E-3
4.920000E-2 5.490028E-2 -7.167547E-3
4.930000E-2 5.739289E-2 -7.167547E-3
4.940000E-2 6.071638E-2 -6.745746E-3
4.950000E-2 6.237813E-2 -6.323946E-3
4.960000E-2 5.656202E-2 -7.167547E-3
4.970000E-2 4.742243E-2 -4.636745E-3
4.980000E-2 3.911371E-2 -3.793144E-3
4.990000E-2 2.748151E-2 -4.187422E-4
5.000000E-2 1.169494E-2 1.690259E-3
5.010000E-2 1.724483E-3 2.955660E-3
5.020000E-2 -1.073859E-2 2.112059E-3
5.030000E-2 -2.403254E-2 4.221061E-3
5.040000E-2 -3.234126E-2 7.595463E-3
5.050000E-2 -4.314259E-2 9.704464E-3
5.060000E-2 -4.978957E-2 9.282664E-3
5.070000E-2 -5.477480E-2 7.173663E-3
5.080000E-2 -5.892916E-2 1.054806E-2
5.090000E-2 -5.976003E-2 8.860864E-3
5.100000E-2 -5.643654E-2 8.860864E-3
5.110000E-2 -4.978957E-2 7.595463E-3
5.120000E-2 -4.397347E-2 2.955660E-3
5.130000E-2 -3.151039E-2 3.377460E-3
5.140000E-2 -2.070906E-2 8.466586E-4
5.150000E-2 -9.076850E-3 -2.105943E-3
5.160000E-2 3.386227E-3 -4.214945E-3
5.170000E-2 1.335669E-2 -5.058545E-3
5.180000E-2 2.581977E-2 -8.011147E-3
5.190000E-2 3.495936E-2 -8.854748E-3
5.200000E-2 4.243720E-2 -1.180735E-2
5.210000E-2 5.323854E-2 -1.012015E-2
5.220000E-2 5.739289E-2 -1.012015E-2
5.230000E-2 6.237813E-2 -9.276548E-3
5.240000E-2 6.237813E-2 -9.276548E-3
5.250000E-2 5.988551E-2 -8.011147E-3
5.260000E-2 5.074592E-2 -5.480345E-3
5.270000E-2 4.243720E-2 -3.793144E-3
5.280000E-2 3.080500E-2 -3.371344E-3
5.290000E-2 1.751105E-2 -3.793144E-3
5.300000E-2 5.047970E-3 4.248583E-4
5.310000E-2 -6.584235E-3 1.690259E-3
5.320000E-2 -1.821644E-2 4.642861E-3
5.330000E-2 -2.984865E-2 5.908262E-3
5.340000E-2 -4.148085E-2 7.595463E-3
5.350000E-2 -4.646608E-2 1.139167E-2
5.360000E-2 -5.311306E-2 1.223527E-2
5.370000E-2 -5.726742E-2 1.181347E-2
5.380000E-2 -5.726742E-2 1.350067E-2
5.390000E-2 -5.809829E-2 1.012626E-2
5.400000E-2 -5.228218E-2 1.096987E-2
5.410000E-2 -4.729695E-2 1.139167E-2
5.420000E-2 -3.649562E-2 5.064661E-3
5.430000E-2 -2.735603E-2 6.330062E-3
5.440000E-2 -1.489295E-2 5.486462E-3
5.450000E-2 -2.429876E-3 8.466586E-4
5.460000E-2 8.371458E-3 -8.405425E-4
5.470000E-2 1.917279E-2 -3.371344E-3
5.480000E-2 3.080500E-2 -4.214945E-3
5.490000E-2 4.160633E-2 -6.323946E-3
5.500000E-2 4.991505E-2 -8.854748E-3
5.510000E-2 5.739289E-2 -1.012015E-2
5.520000E-2 6.071638E-2 -9.698348E-3
5.530000E-2 6.237813E-2 -1.349455E-2
5.540000E-2 6.237813E-2 -1.180735E-2
5.550000E-2 5.573115E-2 -8.011147E-3
5.560000E-2 5.074592E-2 -9.276548E-3
5.570000E-2 3.745197E-2 -8.432947E-3
5.580000E-2 2.581977E-2 -2.949544E-3
5.590000E-2 1.335669E-2 -4.187422E-4
5.600000E-2 -7.681324E-4 8.466586E-4
5.610000E-2 -1.073859E-2 2.112059E-3
5.620000E-2 -2.237080E-2 4.642861E-3
5.630000E-2 -3.234126E-2 5.486462E-3
5.640000E-2 -4.231172E-2 9.282664E-3
5.650000E-2 -5.062044E-2 8.860864E-3
5.660000E-2 -5.394393E-2 1.096987E-2
5.670000E-2 -5.809829E-2 1.139167E-2
5.680000E-2 -5.809829E-2 1.139167E-2
5.690000E-2 -5.560567E-2 9.704464E-3
5.700000E-2 -5.228218E-2 1.012626E-2
5.710000E-2 -4.314259E-2 8.439063E-3
5.720000E-2 -3.151039E-2 4.642861E-3
5.730000E-2 -2.237080E-2 2.533860E-3
5.740000E-2 -8.245979E-3 2.955660E-3
5.750000E-2 2.555355E-3 -4.187422E-4
5.760000E-2 1.335669E-2 -1.262343E-3
5.770000E-2 2.581977E-2 -4.214945E-3
5.780000E-2 3.579023E-2 -6.323946E-3
5.790000E-2 4.492982E-2 -6.323946E-3
5.800000E-2 5.323854E-2 -8.854748E-3
5.810000E-2 5.739289E-2 -1.012015E-2
5.820000E-2 6.237813E-2 -7.167547E-3
5.830000E-2 6.154725E-2 -8.854748E-3
5.840000E-2 5.905464E-2 -7.167547E-3
5.850000E-2 5.323854E-2 -5.480345E-3
5.860000E-2 4.160633E-2 -7.167547E-3
5.870000E-2 2.997412E-2 -4.214945E-3
5.880000E-2 1.668018E-2 -2.527744E-3
5.890000E-2 2.555355E-3 -2.527744E-3
5.900000E-2 -9.076850E-3 -8.405425E-4
5.910000E-2 -2.070906E-2 2.955660E-3
5.920000E-2 -3.234126E-2 5.908262E-3
5.930000E-2 -4.064998E-2 6.751862E-3
5.940000E-2 -4.646608E-2 9.704464E-3
5.950000E-2 -5.477480E-2 9.704464E-3
5.960000E-2 -5.976003E-2 1.012626E-2
5.970000E-2 -5.643654E-2 1.012626E-2
5.980000E-2 -5.726742E-2 8.439063E-3
5.990000E-2 -5.145131E-2 6.751862E-3
6.000000E-2 -4.231172E-2 4.642861E-3
6.010000E-2 -3.400300E-2 2.533860E-3
6.020000E-2 -2.237080E-2 8.466586E-4
6.030000E-2 -9.076850E-3 1.690259E-3
6.040000E-2 6.273941E-5 -1.684143E-3
6.050000E-2 1.003320E-2 -2.949544E-3
6.060000E-2 2.415802E-2 -1.684143E-3
6.070000E-2 3.579023E-2 -7.589347E-3
6.080000E-2 4.243720E-2 -8.011147E-3
6.090000E-2 5.157679E-2 -6.323946E-3
6.100000E-2 5.905464E-2 -8.432947E-3
6.110000E-2 6.237813E-2 -1.012015E-2
6.120000E-2 6.487074E-2 -7.589347E-3
6.130000E-2 6.071638E-2 -8.854748E-3
6.140000E-2 5.490028E-2 -5.480345E-3
6.150000E-2 4.742243E-2 -3.371344E-3
6.160000E-2 3.579023E-2 -3.793144E-3
6.170000E-2 2.249628E-2 -3.371344E-3
6.180000E-2 1.086407E-2 1.690259E-3
6.190000E-2 -2.429876E-3 1.268459E-3
6.200000E-2 -1.655470E-2 6.330062E-3
6.210000E-2 -2.403254E-2 8.439063E-3
6.220000E-2 -3.649562E-2 8.860864E-3
6.230000E-2 -4.729695E-2 1.181347E-2
6.240000E-2 -5.311306E-2 1.181347E-2
6.250000E-2 -5.976003E-2 1.054806E-2
6.260000E-2 -5.976003E-2 1.012626E-2
6.270000E-2 -5.892916E-2 1.139167E-2
6.280000E-2 -5.643654E-2 6.751862E-3
6.290000E-2 -4.895870E-2 8.439063E-3
6.300000E-2 -3.981911E-2 7.173663E-3
6.310000E-2 -2.984865E-2 3.377460E-3
6.320000E-2 -1.821644E-2 2.112059E-3
6.330000E-2 -4.091620E-3 3.058052E-6
6.340000E-2 9.202329E-3 -4.214945E-3
6.350000E-2 1.751105E-2 -3.371344E-3
6.360000E-2 2.748151E-2 -8.432947E-3
6.370000E-2 3.994459E-2 -8.432947E-3
6.380000E-2 4.742243E-2 -9.698348E-3
6.390000E-2 5.323854E-2 -1.096375E-2
6.400000E-2 6.237813E-2 -1.096375E-2
6.410000E-2 6.653248E-2 -9.698348E-3
6.420000E-2 6.237813E-2 -8.011147E-3
6.430000E-2 5.988551E-2 -8.011147E-3
6.440000E-2 5.074592E-2 -6.323946E-3
6.450000E-2 4.077546E-2 -5.902146E-3
6.460000E-2 2.914325E-2 -5.902146E-3
6.470000E-2 1.668018E-2 -1.684143E-3
6.480000E-2 2.555355E-3 -2.105943E-3
6.490000E-2 -9.907722E-3 8.466586E-4
6.500000E-2 -2.070906E-2 3.377460E-3
6.510000E-2 -3.067952E-2 2.955660E-3
6.520000E-2 -4.314259E-2 5.064661E-3
6.530000E-2 -5.145131E-2 8.439063E-3
6.540000E-2 -5.477480E-2 1.012626E-2
6.550000E-2 -6.142177E-2 8.439063E-3
6.560000E-2 -6.142177E-2 1.012626E-2
6.570000E-2 -5.726742E-2 8.860864E-3
6.580000E-2 -5.477480E-2 7.595463E-3
6.590000E-2 -4.646608E-2 6.330062E-3
6.600000E-2 -3.649562E-2 2.533860E-3
6.610000E-2 -2.735603E-2 2.112059E-3
6.620000E-2 -1.406208E-2 3.377460E-3
6.630000E-2 -7.681324E-4 1.690259E-3
6.640000E-2 9.202329E-3 -2.527744E-3
6.650000E-2 2.166541E-2 -1.684143E-3
6.660000E-2 3.163587E-2 -6.323946E-3
6.670000E-2 4.243720E-2 -7.167547E-3
6.680000E-2 4.908418E-2 -6.323946E-3
6.690000E-2 5.406941E-2 -1.012015E-2
6.700000E-2 5.988551E-2 -9.276548E-3
6.710000E-2 6.320900E-2 -6.745746E-3
6.720000E-2 5.988551E-2 -1.054195E-2
6.730000E-2 5.573115E-2 -1.012015E-2
6.740000E-2 4.576069E-2 -7.167547E-3
6.750000E-2 3.412848E-2 -7.167547E-3
6.760000E-2 2.249628E-2 -5.902146E-3
6.770000E-2 9.202329E-3 -2.527744E-3
6.780000E-2 -2.429876E-3 -3.371344E-3
6.790000E-2 -1.489295E-2 -8.405425E-4
6.800000E-2 -2.735603E-2 2.533860E-3
6.810000E-2 -3.483388E-2 1.268459E-3
6.820000E-2 -4.480434E-2 5.064661E-3
6.830000E-2 -5.228218E-2 8.017263E-3
6.840000E-2 -5.560567E-2 6.751862E-3
6.850000E-2 -5.726742E-2 8.439063E-3
6.860000E-2 -5.726742E-2 8.860864E-3
6.870000E-2 -5.477480E-2 4.221061E-3
6.880000E-2 -4.812783E-2 5.064661E-3
6.890000E-2 -3.898824E-2 8.439063E-3
6.900000E-2 -2.818690E-2 3.377460E-3
6.910000E-2 -1.738557E-2 1.690259E-3
6.920000E-2 -4.091620E-3 2.112059E-3
6.930000E-2 5.878842E-3 -4.187422E-4
6.940000E-2 1.668018E-2 -3.371344E-3
6.950000E-2 2.581977E-2 -3.793144E-3
6.960000E-2 3.745197E-2 -2.949544E-3
6.970000E-2 4.742243E-2 -5.902146E-3
6.980000E-2 5.406941E-2 -5.480345E-3
6.990000E-2 5.905464E-2 -8.011147E-3
7.000000E-2 6.154725E-2 -8.432947E-3
7.010000E-2 5.988551E-2 -5.058545E-3
7.020000E-2 5.573115E-2 -5.058545E-3
7.030000E-2 4.908418E-2 -6.745746E-3
7.040000E-2 3.828284E-2 -2.949544E-3
7.050000E-2 2.831238E-2 -2.949544E-3
7.060000E-2 1.501843E-2 -2.949544E-3
7.070000E-2 1.724483E-3 2.112059E-3
7.080000E-2 -9.907722E-3 3.377460E-3
7.090000E-2 -2.486341E-2 2.533860E-3
7.100000E-2 -3.234126E-2 6.751862E-3
7.110000E-2 -4.314259E-2 5.486462E-3
7.120000E-2 -4.895870E-2 7.173663E-3
7.130000E-2 -5.643654E-2 1.012626E-2
7.140000E-2 -5.892916E-2 1.012626E-2
7.150000E-2 -5.809829E-2 1.012626E-2
7.160000E-2 -5.477480E-2 8.439063E-3
7.170000E-2 -5.062044E-2 6.751862E-3
7.180000E-2 -3.981911E-2 8.439063E-3
7.190000E-2 -2.901777E-2 3.799261E-3
7.200000E-2 -1.821644E-2 1.690259E-3
7.210000E-2 -9.076850E-3 1.268459E-3
7.220000E-2 2.555355E-3 -2.105943E-3
7.230000E-2 1.501843E-2 -2.527744E-3
7.240000E-2 2.415802E-2 -3.793144E-3
7.250000E-2 3.412848E-2 -5.902146E-3
7.260000E-2 4.243720E-2 -8.854748E-3
7.270000E-2 5.157679E-2 -6.323946E-3
7.280000E-2 5.739289E-2 -8.854748E-3
7.290000E-2 5.988551E-2 -1.054195E-2
7.300000E-2 5.988551E-2 -8.432947E-3
7.310000E-2 5.822377E-2 -8.011147E-3
7.320000E-2 5.240766E-2 -7.589347E-3
7.330000E-2 4.160633E-2 -5.058545E-3
7.340000E-2 3.246674E-2 -6.323946E-3
7.350000E-2 1.668018E-2 -5.480345E-3
7.360000E-2 4.217098E-3 -1.684143E-3
7.370000E-2 -5.753363E-3 -2.527744E-3
7.380000E-2 -1.821644E-2 8.466586E-4
7.390000E-2 -2.984865E-2 5.908262E-3
7.400000E-2 -3.815736E-2 5.486462E-3
7.410000E-2 -4.895870E-2 6.751862E-3
7.420000E-2 -5.477480E-2 1.054806E-2
7.430000E-2 -5.809829E-2 1.139167E-2
7.440000E-2 -6.225265E-2 1.012626E-2
7.450000E-2 -5.809829E-2 1.181347E-2
7.460000E-2 -5.477480E-2 1.012626E-2
7.470000E-2 -4.729695E-2 6.751862E-3
7.480000E-2 -3.732649E-2 8.860864E-3
7.490000E-2 -2.652516E-2 2.955660E-3
7.500000E-2 -1.489295E-2 2.533860E-3
7.510000E-2 6.273941E-5 4.248583E-4
7.520000E-2 9.202329E-3 -2.527744E-3
7.530000E-2 2.166541E-2 -4.214945E-3
7.540000E-2 3.329761E-2 -5.058545E-3
7.550000E-2 4.160633E-2 -6.745746E-3
7.560000E-2 4.908418E-2 -8.011147E-3
7.570000E-2 5.406941E-2 -7.589347E-3
7.580000E-2 6.071638E-2 -1.012015E-2
7.590000E-2 6.071638E-2 -8.432947E-3
7.600000E-2 5.988551E-2 -7.589347E-3
7.610000E-2 5.406941E-2 -8.854748E-3
7.620000E-2 4.825330E-2 -7.589347E-3
7.630000E-2 3.495936E-2 -3.371344E-3
7.640000E-2 2.249628E-2 -5.058545E-3
7.650000E-2 1.086407E-2 -3.371344E-3
7.660000E-2 -3.260748E-3 -4.187422E-4
7.670000E-2 -1.406208E-2 1.690259E-3
7.680000E-2 -2.569429E-2 3.377460E-3
7.690000E-2 -3.649562E-2 5.064661E-3
7.700000E-2 -4.563521E-2 7.595463E-3
7.710000E-2 -5.228218E-2 8.860864E-3
7.720000E-2 -5.892916E-2 8.017263E-3
7.730000E-2 -5.976003E-2 9.704464E-3
7.740000E-2 -5.976003E-2 6.751862E-3
7.750000E-2 -5.809829E-2 8.017263E-3
7.760000E-2 -4.978957E-2 6.751862E-3
7.770000E-2 -4.148085E-2 3.377460E-3
7.780000E-2 -2.984865E-2 2.955660E-3
7.790000E-2 -1.987818E-2 8.466586E-4
7.800000E-2 -9.076850E-3 8.466586E-4
7.810000E-2 3.386227E-3 3.058052E-6
7.820000E-2 1.335669E-2 -3.793144E-3
7.830000E-2 2.498889E-2 -6.745746E-3
7.840000E-2 3.495936E-2 -6.323946E-3
7.850000E-2 4.409895E-2 -1.012015E-2
7.860000E-2 5.157679E-2 -8.011147E-3
7.870000E-2 5.739289E-2 -1.012015E-2
7.880000E-2 6.237813E-2 -1.012015E-2
7.890000E-2 6.154725E-2 -8.011147E-3
7.900000E-2 5.656202E-2 -4.214945E-3
7.910000E-2 5.157679E-2 -6.323946E-3
7.920000E-2 3.994459E-2 -5.480345E-3
7.930000E-2 2.748151E-2 -2.949544E-3
7.940000E-2 1.584930E-2 -8.405425E-4
7.950000E-2 3.386227E-3 8.466586E-4
7.960000E-2 -8.245979E-3 4.248583E-4
7.970000E-2 -2.070906E-2 1.690259E-3
7.980000E-2 -2.901777E-2 5.908262E-3
7.990000E-2 -3.898824E-2 8.439063E-3
8.000000E-2 -4.563521E-2 9.704464E-3
8.010000E-2 -5.394393E-2 1.181347E-2
8.020000E-2 -5.726742E-2 1.096987E-2
8.030000E-2 -5.560567E-2 1.054806E-2
8.040000E-2 -5.477480E-2 7.595463E-3
8.050000E-2 -5.062044E-2 7.595463E-3
8.060000E-2 -4.314259E-2 4.642861E-3
8.070000E-2 -3.151039E-2 2.533860E-3
8.080000E-2 -2.153993E-2 8.466586E-4
8.090000E-2 -1.073859E-2 8.466586E-4
8.100000E-2 8.936112E-4 -4.187422E-4
8.110000E-2 1.169494E-2 -1.684143E-3
8.120000E-2 2.332715E-2 -4.636745E-3
8.130000E-2 2.997412E-2 -6.745746E-3
8.140000E-2 3.828284E-2 -7.589347E-3
8.150000E-2 4.825330E-2 -9.276548E-3
8.160000E-2 5.573115E-2 -8.854748E-3
8.170000E-2 5.822377E-2 -8.011147E-3
8.180000E-2 5.988551E-2 -1.012015E-2
8.190000E-2 5.905464E-2 -6.745746E-3
8.200000E-2 5.323854E-2 -3.793144E-3
8.210000E-2 4.409895E-2 -5.480345E-3
8.220000E-2 3.246674E-2 -3.371344E-3
8.230000E-2 2.000366E-2 3.058052E-6
8.240000E-2 7.540586E-3 -8.405425E-4
8.250000E-2 -4.922491E-3 3.799261E-3
8.260000E-2 -1.572382E-2 3.799261E-3
8.270000E-2 -2.735603E-2 5.064661E-3
8.280000E-2 -3.732649E-2 9.282664E-3
8.290000E-2 -4.729695E-2 1.012626E-2
8.300000E-2 -5.311306E-2 1.181347E-2
8.310000E-2 -5.477480E-2 1.054806E-2
8.320000E-2 -5.976003E-2 1.181347E-2
8.330000E-2 -5.892916E-2 1.012626E-2
8.340000E-2 -5.643654E-2 9.282664E-3
8.350000E-2 -4.729695E-2 4.642861E-3
8.360000E-2 -3.815736E-2 2.955660E-3
8.370000E-2 -2.652516E-2 4.221061E-3
8.380000E-2 -1.406208E-2 1.690259E-3
8.390000E-2 -4.922491E-3 -1.684143E-3
8.400000E-2 6.709714E-3 -2.105943E-3
8.410000E-2 2.000366E-2 -4.636745E-3
8.420000E-2 3.080500E-2 -6.323946E-3
8.430000E-2 4.077546E-2 -5.902146E-3
8.440000E-2 4.908418E-2 -1.096375E-2
8.450000E-2 5.406941E-2 -1.054195E-2
8.460000E-2 5.905464E-2 -1.012015E-2
8.470000E-2 6.487074E-2 -1.054195E-2
8.480000E-2 6.237813E-2 -1.054195E-2
8.490000E-2 5.739289E-2 -8.432947E-3
8.500000E-2 5.074592E-2 -6.323946E-3
8.510000E-2 3.911371E-2 -5.058545E-3
8.520000E-2 2.748151E-2 -8.405425E-4
8.530000E-2 1.418756E-2 3.058052E-6
8.540000E-2 8.936112E-4 4.248583E-4
8.550000E-2 -1.156947E-2 5.064661E-3
8.560000E-2 -2.403254E-2 6.751862E-3
8.570000E-2 -3.400300E-2 8.017263E-3
8.580000E-2 -4.397347E-2 1.181347E-2
8.590000E-2 -5.311306E-2 1.139167E-2
8.600000E-2 -5.976003E-2 1.392247E-2
8.610000E-2 -6.142177E-2 1.265707E-2
8.620000E-2 -6.225265E-2 1.054806E-2
8.630000E-2 -5.726742E-2 1.096987E-2
8.640000E-2 -5.145131E-2 1.012626E-2
8.650000E-2 -4.397347E-2 5.908262E-3
8.660000E-2 -3.400300E-2 2.955660E-3
8.670000E-2 -2.070906E-2 3.377460E-3
8.680000E-2 -9.076850E-3 1.690259E-3
8.690000E-2 3.386227E-3 3.058052E-6
8.700000E-2 1.418756E-2 -2.105943E-3
8.710000E-2 2.415802E-2 -7.589347E-3
8.720000E-2 3.329761E-2 -6.745746E-3
8.730000E-2 4.243720E-2 -7.167547E-3
8.740000E-2 5.240766E-2 -1.012015E-2
8.750000E-2 5.905464E-2 -1.096375E-2
8.760000E-2 6.071638E-2 -8.854748E-3
8.770000E-2 6.403987E-2 -1.012015E-2
8.780000E-2 5.988551E-2 -1.054195E-2
8.790000E-2 5.323854E-2 -1.012015E-2
8.800000E-2 4.326807E-2 -8.432947E-3
8.810000E-2 3.246674E-2 -5.902146E-3
8.820000E-2 1.917279E-2 -1.262343E-3
8.830000E-2 6.709714E-3 -4.214945E-3
8.840000E-2 -4.922491E-3 1.690259E-3
8.850000E-2 -1.904731E-2 2.112059E-3
8.860000E-2 -2.901777E-2 5.908262E-3
8.870000E-2 -3.898824E-2 8.017263E-3
8.880000E-2 -4.729695E-2 9.704464E-3
8.890000E-2 -5.311306E-2 8.439063E-3
8.900000E-2 -5.892916E-2 1.054806E-2
8.910000E-2 -6.142177E-2 1.012626E-2
8.920000E-2 -6.225265E-2 8.439063E-3
8.930000E-2 -5.394393E-2 1.012626E-2
8.940000E-2 -4.812783E-2 8.439063E-3
8.950000E-2 -3.898824E-2 8.017263E-3
8.960000E-2 -2.652516E-2 3.799261E-3
8.970000E-2 -1.572382E-2 3.377460E-3
8.980000E-2 -4.091620E-3 8.466586E-4
8.990000E-2 7.540586E-3 3.058052E-6
9.000000E-2 2.000366E-2 -2.949544E-3
9.010000E-2 2.831238E-2 -6.745746E-3
9.020000E-2 4.243720E-2 -7.589347E-3
9.030000E-2 4.908418E-2 -8.432947E-3
9.040000E-2 5.573115E-2 -1.265095E-2
9.050000E-2 6.154725E-2 -9.276548E-3
9.060000E-2 6.320900E-2 -9.276548E-3
9.070000E-2 6.071638E-2 -9.698348E-3
9.080000E-2 5.656202E-2 -6.745746E-3
9.090000E-2 4.991505E-2 -5.902146E-3
9.100000E-2 3.662110E-2 -6.745746E-3
9.110000E-2 2.249628E-2 -2.527744E-3
9.120000E-2 1.418756E-2 -1.684143E-3
9.130000E-2 -1.599004E-3 3.058052E-6
9.140000E-2 -1.323121E-2 3.377460E-3
9.150000E-2 -2.320167E-2 4.221061E-3
9.160000E-2 -3.566475E-2 5.064661E-3
9.170000E-2 -4.231172E-2 1.096987E-2
9.180000E-2 -5.228218E-2 8.439063E-3
9.190000E-2 -5.809829E-2 8.860864E-3
9.200000E-2 -5.976003E-2 1.181347E-2
9.210000E-2 -5.976003E-2 9.704464E-3
9.220000E-2 -5.560567E-2 8.017263E-3
9.230000E-2 -5.062044E-2 8.439063E-3
9.240000E-2 -4.148085E-2 7.173663E-3
9.250000E-2 -3.317213E-2 4.642861E-3
9.260000E-2 -2.070906E-2 3.377460E-3
9.270000E-2 -8.245979E-3 1.690259E-3
9.280000E-2 4.217098E-3 -2.105943E-3
9.290000E-2 1.418756E-2 -8.405425E-4
9.300000E-2 2.665064E-2 -3.793144E-3
9.310000E-2 3.745197E-2 -7.589347E-3
9.320000E-2 4.659156E-2 -5.480345E-3
9.330000E-2 5.573115E-2 -8.432947E-3
9.340000E-2 6.154725E-2 -1.012015E-2
9.350000E-2 6.237813E-2 -8.011147E-3
9.360000E-2 6.320900E-2 -8.432947E-3
9.370000E-2 5.822377E-2 -8.432947E-3
9.380000E-2 5.157679E-2 -6.745746E-3
9.390000E-2 4.243720E-2 -5.480345E-3
9.400000E-2 2.914325E-2 -5.480345E-3
9.410000E-2 1.834192E-2 -2.949544E-3
9.420000E-2 4.217098E-3 1.268459E-3
9.430000E-2 -8.245979E-3 3.377460E-3
9.440000E-2 -1.987818E-2 5.908262E-3
9.450000E-2 -3.317213E-2 6.751862E-3
9.460000E-2 -4.231172E-2 8.860864E-3
9.470000E-2 -5.062044E-2 1.012626E-2
9.480000E-2 -5.560567E-2 9.704464E-3
9.490000E-2 -6.059090E-2 1.012626E-2
9.500000E-2 -6.225265E-2 8.439063E-3
9.510000E-2 -6.142177E-2 8.439063E-3
9.520000E-2 -5.560567E-2 7.595463E-3
9.530000E-2 -4.729695E-2 6.751862E-3
9.540000E-2 -3.981911E-2 3.799261E-3
9.550000E-2 -2.652516E-2 1.268459E-3
9.560000E-2 -1.489295E-2 1.690259E-3
9.570000E-2 -3.260748E-3 -3.371344E-3
9.580000E-2 8.371458E-3 -5.058545E-3
9.590000E-2 2.000366E-2 -5.480345E-3
9.600000E-2 2.914325E-2 -8.432947E-3
9.610000E-2 3.994459E-2 -8.432947E-3
9.620000E-2 4.991505E-2 -9.698348E-3
9.630000E-2 5.490028E-2 -9.698348E-3
9.640000E-2 6.237813E-2 -8.854748E-3
9.650000E-2 6.237813E-2 -9.276548E-3
9.660000E-2 5.905464E-2 -9.698348E-3
9.670000E-2 5.406941E-2 -6.745746E-3
9.680000E-2 4.576069E-2 -7.589347E-3
9.690000E-2 3.495936E-2 -5.902146E-3
9.700000E-2 2.166541E-2 -1.684143E-3
9.710000E-2 1.003320E-2 -2.105943E-3
9.720000E-2 -2.429876E-3 -4.187422E-4
9.730000E-2 -1.406208E-2 2.955660E-3
9.740000E-2 -2.652516E-2 3.377460E-3
9.750000E-2 -3.815736E-2 4.642861E-3
9.760000E-2 -4.480434E-2 8.439063E-3
9.770000E-2 -5.394393E-2 1.012626E-2
9.780000E-2 -5.726742E-2 1.054806E-2
9.790000E-2 -6.142177E-2 1.139167E-2
9.800000E-2 -5.976003E-2 9.282664E-3
9.810000E-2 -5.726742E-2 9.704464E-3
9.820000E-2 -4.978957E-2 8.860864E-3
9.830000E-2 -3.898824E-2 7.173663E-3
9.840000E-2 -2.984865E-2 3.377460E-3
9.850000E-2 -1.904731E-2 2.955660E-3
9.860000E-2 -7.415107E-3 1.690259E-3
9.870000E-2 4.217098E-3 -8.405425E-4
9.880000E-2 1.418756E-2 -2.527744E-3
9.890000E-2 2.665064E-2 -4.214945E-3
9.900000E-2 3.579023E-2 -5.480345E-3
9.910000E-2 4.409895E-2 -5.480345E-3
9.920000E-2 5.323854E-2 -6.745746E-3
9.930000E-2 5.905464E-2 -8.432947E-3
9.940000E-2 6.071638E-2 -8.432947E-3
9.950000E-2 5.988551E-2 -5.480345E-3
9.960000E-2 5.406941E-2 -7.167547E-3
9.970000E-2 4.742243E-2 -5.480345E-3
9.980000E-2 3.911371E-2 -5.902146E-3
9.990000E-2 2.748151E-2 -5.058545E-3
1.000000E-1 1.501843E-2 -2.527744E-3
1.001000E-1 1.724483E-3 -4.187422E-4
1.002000E-1 -9.076850E-3 4.248583E-4
1.003000E-1 -1.987818E-2 3.377460E-3
1.004000E-1 -3.234126E-2 5.908262E-3
1.005000E-1 -4.064998E-2 6.751862E-3
1.006000E-1 -4.895870E-2 9.704464E-3
1.007000E-1 -5.560567E-2 9.282664E-3
1.008000E-1 -5.809829E-2 8.439063E-3
1.009000E-1 -5.976003E-2 9.704464E-3
1.010000E-1 -5.809829E-2 9.282664E-3
1.011000E-1 -5.145131E-2 7.173663E-3
1.012000E-1 -4.397347E-2 8.439063E-3
1.013000E-1 -3.234126E-2 7.595463E-3
1.014000E-1 -2.070906E-2 5.908262E-3
1.015000E-1 -7.415107E-3 4.642861E-3
1.016000E-1 8.936112E-4 2.955660E-3
1.017000E-1 1.501843E-2 3.058052E-6
1.018000E-1 2.332715E-2 -8.405425E-4
1.019000E-1 3.412848E-2 -3.371344E-3
1.020000E-1 4.326807E-2 -7.589347E-3
1.021000E-1 5.323854E-2 -5.058545E-3
1.022000E-1 5.656202E-2 -8.011147E-3
1.023000E-1 5.988551E-2 -8.432947E-3
1.024000E-1 6.237813E-2 -7.589347E-3
1.025000E-1 5.988551E-2 -7.589347E-3
1.026000E-1 5.406941E-2 -6.323946E-3
1.027000E-1 4.409895E-2 -3.371344E-3
1.028000E-1 3.246674E-2 -5.480345E-3
1.029000E-1 1.834192E-2 -3.371344E-3
1.030000E-1 8.371458E-3 3.058052E-6
1.031000E-1 -6.584235E-3 3.058052E-6
1.032000E-1 -1.738557E-2 3.377460E-3
1.033000E-1 -2.901777E-2 4.642861E-3
1.034000E-1 -3.981911E-2 6.330062E-3
1.035000E-1 -4.729695E-2 8.439063E-3
1.036000E-1 -5.477480E-2 1.012626E-2
1.037000E-1 -5.892916E-2 7.595463E-3
1.038000E-1 -5.976003E-2 8.860864E-3
1.039000E-1 -5.809829E-2 8.017263E-3
1.040000E-1 -5.560567E-2 5.486462E-3
1.041000E-1 -4.729695E-2 5.486462E-3
1.042000E-1 -3.981911E-2 3.799261E-3
1.043000E-1 -2.652516E-2 2.955660E-3
1.044000E-1 -1.406208E-2 2.533860E-3
1.045000E-1 -7.681324E-4 4.248583E-4
1.046000E-1 9.202329E-3 -2.527744E-3
1.047000E-1 2.249628E-2 -2.527744E-3
1.048000E-1 3.163587E-2 -3.371344E-3
1.049000E-1 4.077546E-2 -8.432947E-3
1.050000E-1 4.908418E-2 -1.054195E-2
1.051000E-1 5.573115E-2 -7.589347E-3
1.052000E-1 6.154725E-2 -1.012015E-2
1.053000E-1 6.320900E-2 -7.589347E-3
1.054000E-1 6.320900E-2 -6.745746E-3
1.055000E-1 5.739289E-2 -8.011147E-3
1.056000E-1 4.825330E-2 -5.058545E-3
1.057000E-1 3.579023E-2 -4.214945E-3
1.058000E-1 2.665064E-2 -2.949544E-3
1.059000E-1 1.169494E-2 3.058052E-6
1.060000E-1 -7.681324E-4 3.377460E-3
1.061000E-1 -1.240034E-2 3.377460E-3
1.062000E-1 -2.569429E-2 5.908262E-3
1.063000E-1 -3.400300E-2 8.017263E-3
1.064000E-1 -4.397347E-2 8.439063E-3
1.065000E-1 -5.228218E-2 1.012626E-2
1.066000E-1 -5.809829E-2 1.012626E-2
1.067000E-1 -6.059090E-2 8.860864E-3
1.068000E-1 -6.059090E-2 1.012626E-2
1.069000E-1 -5.809829E-2 9.704464E-3
1.070000E-1 -5.228218E-2 6.751862E-3
1.071000E-1 -4.148085E-2 5.486462E-3
1.072000E-1 -3.067952E-2 4.221061E-3
1.073000E-1 -1.987818E-2 3.377460E-3
1.074000E-1 -7.415107E-3 1.268459E-3
1.075000E-1 4.217098E-3 -2.527744E-3
1.076000E-1 1.418756E-2 -3.371344E-3
1.077000E-1 2.665064E-2 -3.793144E-3
1.078000E-1 3.745197E-2 -6.323946E-3
1.079000E-1 4.576069E-2 -8.432947E-3
1.080000E-1 5.323854E-2 -8.854748E-3
1.081000E-1 6.237813E-2 -9.276548E-3
1.082000E-1 6.320900E-2 -7.589347E-3
1.083000E-1 6.237813E-2 -7.167547E-3
1.084000E-1 6.071638E-2 -6.323946E-3
1.085000E-1 5.157679E-2 -8.854748E-3
1.086000E-1 4.409895E-2 -3.793144E-3
1.087000E-1 3.329761E-2 -2.949544E-3
1.088000E-1 2.000366E-2 -2.949544E-3
1.089000E-1 5.047970E-3 4.248583E-4
1.090000E-1 -4.091620E-3 3.058052E-6
1.091000E-1 -1.904731E-2 3.377460E-3
1.092000E-1 -2.901777E-2 5.486462E-3
1.093000E-1 -3.732649E-2 7.173663E-3
1.094000E-1 -4.978957E-2 8.860864E-3
1.095000E-1 -5.643654E-2 1.012626E-2
1.096000E-1 -5.726742E-2 1.139167E-2
1.097000E-1 -5.976003E-2 9.704464E-3
1.098000E-1 -5.726742E-2 1.139167E-2
1.099000E-1 -5.394393E-2 8.439063E-3
1.100000E-1 -4.480434E-2 8.017263E-3
1.101000E-1 -3.732649E-2 8.439063E-3
1.102000E-1 -2.652516E-2 2.112059E-3
1.103000E-1 -1.489295E-2 2.955660E-3
1.104000E-1 -2.429876E-3 3.799261E-3
1.105000E-1 9.202329E-3 -1.684143E-3
1.106000E-1 2.332715E-2 -1.262343E-3
1.107000E-1 3.246674E-2 -2.949544E-3
1.108000E-1 4.243720E-2 -5.480345E-3
1.109000E-1 5.240766E-2 -6.323946E-3
1.110000E-1 5.822377E-2 -6.745746E-3
1.111000E-1 6.237813E-2 -7.589347E-3
1.112000E-1 6.570161E-2 -5.902146E-3
1.113000E-1 6.154725E-2 -5.480345E-3
1.114000E-1 5.573115E-2 -7.167547E-3
1.115000E-1 4.908418E-2 -6.745746E-3
1.116000E-1 3.579023E-2 -2.527744E-3
1.117000E-1 2.332715E-2 -4.214945E-3
1.118000E-1 1.086407E-2 -8.405425E-4
1.119000E-1 6.273941E-5 8.466586E-4
1.120000E-1 -1.489295E-2 8.466586E-4
1.121000E-1 -2.569429E-2 5.908262E-3
1.122000E-1 -3.400300E-2 8.439063E-3
1.123000E-1 -4.480434E-2 8.860864E-3
1.124000E-1 -5.062044E-2 9.282664E-3
1.125000E-1 -5.726742E-2 8.439063E-3
1.126000E-1 -6.059090E-2 8.017263E-3
1.127000E-1 -5.976003E-2 6.751862E-3
1.128000E-1 -5.726742E-2 6.751862E-3
1.129000E-1 -5.228218E-2 4.642861E-3
1.130000E-1 -3.981911E-2 2.955660E-3
1.131000E-1 -3.067952E-2 1.690259E-3
1.132000E-1 -1.987818E-2 3.058052E-6
1.133000E-1 -7.415107E-3 -1.684143E-3
1.134000E-1 2.555355E-3 -4.636745E-3
1.135000E-1 1.584930E-2 -4.636745E-3
1.136000E-1 2.581977E-2 -6.745746E-3
1.137000E-1 3.662110E-2 -7.589347E-3
1.138000E-1 4.742243E-2 -1.012015E-2
1.139000E-1 5.406941E-2 -8.432947E-3
1.140000E-1 5.822377E-2 -8.432947E-3
1.141000E-1 6.403987E-2 -8.432947E-3
1.142000E-1 6.154725E-2 -7.167547E-3
1.143000E-1 5.739289E-2 -6.323946E-3
1.144000E-1 5.240766E-2 -5.058545E-3
1.145000E-1 4.160633E-2 -3.793144E-3
1.146000E-1 2.914325E-2 -1.684143E-3
1.147000E-1 1.668018E-2 -2.949544E-3
1.148000E-1 4.217098E-3 3.377460E-3
1.149000E-1 -8.245979E-3 2.533860E-3
1.150000E-1 -1.987818E-2 3.799261E-3
1.151000E-1 -2.901777E-2 8.017263E-3
1.152000E-1 -3.981911E-2 8.860864E-3
1.153000E-1 -4.729695E-2 8.439063E-3
1.154000E-1 -5.560567E-2 1.139167E-2
1.155000E-1 -5.809829E-2 1.012626E-2
1.156000E-1 -5.976003E-2 8.439063E-3
1.157000E-1 -5.560567E-2 9.282664E-3
1.158000E-1 -5.228218E-2 4.642861E-3
1.159000E-1 -4.314259E-2 3.799261E-3
1.160000E-1 -3.317213E-2 2.955660E-3
1.161000E-1 -2.237080E-2 4.248583E-4
1.162000E-1 -9.907722E-3 3.058052E-6
1.163000E-1 2.555355E-3 -1.684143E-3
1.164000E-1 1.252582E-2 -2.105943E-3
1.165000E-1 2.415802E-2 -5.058545E-3
1.166000E-1 3.329761E-2 -4.214945E-3
1.167000E-1 4.326807E-2 -8.011147E-3
1.168000E-1 5.240766E-2 -9.698348E-3
1.169000E-1 5.905464E-2 -5.902146E-3
1.170000E-1 6.237813E-2 -9.698348E-3
1.171000E-1 6.487074E-2 -7.589347E-3
1.172000E-1 6.237813E-2 -8.011147E-3
1.173000E-1 5.573115E-2 -6.745746E-3
1.174000E-1 4.576069E-2 -7.167547E-3
1.175000E-1 3.329761E-2 -3.371344E-3
1.176000E-1 2.166541E-2 -3.371344E-3
1.177000E-1 7.540586E-3 -2.105943E-3
1.178000E-1 -5.753363E-3 3.377460E-3
1.179000E-1 -1.489295E-2 5.486462E-3
1.180000E-1 -2.652516E-2 5.908262E-3
1.181000E-1 -3.732649E-2 1.012626E-2
1.182000E-1 -4.397347E-2 9.282664E-3
1.183000E-1 -5.228218E-2 1.350067E-2
1.184000E-1 -5.560567E-2 1.181347E-2
1.185000E-1 -5.892916E-2 8.017263E-3
1.186000E-1 -5.726742E-2 8.860864E-3
1.187000E-1 -5.560567E-2 9.704464E-3
1.188000E-1 -4.812783E-2 4.642861E-3
1.189000E-1 -3.981911E-2 3.799261E-3
1.190000E-1 -2.901777E-2 3.377460E-3
1.191000E-1 -1.738557E-2 -4.187422E-4
1.192000E-1 -3.260748E-3 -4.187422E-4
1.193000E-1 5.878842E-3 3.058052E-6
1.194000E-1 1.668018E-2 -6.745746E-3
1.195000E-1 2.831238E-2 -5.058545E-3
1.196000E-1 3.911371E-2 -6.745746E-3
1.197000E-1 4.742243E-2 -1.012015E-2
1.198000E-1 5.656202E-2 -1.012015E-2
1.199000E-1 6.071638E-2 -1.012015E-2
1.200000E-1 6.237813E-2 -1.012015E-2
1.201000E-1 6.154725E-2 -1.012015E-2
1.202000E-1 5.656202E-2 -8.432947E-3
1.203000E-1 4.908418E-2 -6.745746E-3
1.204000E-1 3.911371E-2 -4.636745E-3
1.205000E-1 2.748151E-2 -1.684143E-3
1.206000E-1 1.501843E-2 -1.684143E-3
1.207000E-1 6.273941E-5 3.058052E-6
1.208000E-1 -9.076850E-3 2.955660E-3
1.209000E-1 -2.320167E-2 4.642861E-3
1.210000E-1 -3.317213E-2 8.439063E-3
1.211000E-1 -4.397347E-2 8.439063E-3
1.212000E-1 -5.062044E-2 8.439063E-3
1.213000E-1 -5.560567E-2 9.704464E-3
1.214000E-1 -5.976003E-2 1.181347E-2
1.215000E-1 -5.976003E-2 1.307887E-2
1.216000E-1 -5.726742E-2 1.139167E-2
1.217000E-1 -5.228218E-2 1.054806E-2
1.218000E-1 -4.231172E-2 7.595463E-3
1.219000E-1 -3.234126E-2 6.751862E-3
1.220000E-1 -2.320167E-2 3.799261E-3
1.221000E-1 -8.245979E-3 1.690259E-3
1.222000E-1 1.724483E-3 -1.262343E-3
1.223000E-1 1.169494E-2 -2.105943E-3
1.224000E-1 2.498889E-2 -6.745746E-3
1.225000E-1 3.495936E-2 -7.167547E-3
1.226000E-1 4.492982E-2 -8.011147E-3
1.227000E-1 5.323854E-2 -1.096375E-2
1.228000E-1 5.988551E-2 -1.012015E-2
1.229000E-1 6.403987E-2 -1.138555E-2
1.230000E-1 6.403987E-2 -1.096375E-2
1.231000E-1 5.988551E-2 -8.432947E-3
1.232000E-1 5.240766E-2 -1.012015E-2
1.233000E-1 4.326807E-2 -1.012015E-2
1.234000E-1 3.080500E-2 -6.323946E-3
1.235000E-1 2.083453E-2 -5.058545E-3
1.236000E-1 2.555355E-3 -3.371344E-3
1.237000E-1 -5.753363E-3 3.058052E-6
1.238000E-1 -1.738557E-2 1.690259E-3
1.239000E-1 -2.735603E-2 3.377460E-3
1.240000E-1 -3.898824E-2 8.439063E-3
1.241000E-1 -4.978957E-2 9.282664E-3
1.242000E-1 -5.311306E-2 1.054806E-2
1.243000E-1 -5.976003E-2 1.265707E-2
1.244000E-1 -6.142177E-2 1.181347E-2
1.245000E-1 -5.976003E-2 1.181347E-2
1.246000E-1 -5.394393E-2 1.054806E-2
1.247000E-1 -4.729695E-2 6.330062E-3
1.248000E-1 -3.732649E-2 6.751862E-3
1.249000E-1 -2.569429E-2 5.908262E-3
1.250000E-1 -1.489295E-2 3.377460E-3
1.251000E-1 -2.429876E-3 -1.684143E-3
1.252000E-1 9.202329E-3 -1.684143E-3
1.253000E-1 2.000366E-2 -3.371344E-3
1.254000E-1 3.246674E-2 -7.167547E-3
1.255000E-1 4.077546E-2 -7.167547E-3
1.256000E-1 4.742243E-2 -1.096375E-2
1.257000E-1 5.656202E-2 -1.012015E-2
1.258000E-1 5.822377E-2 -8.432947E-3
1.259000E-1 6.237813E-2 -1.096375E-2
1.260000E-1 5.988551E-2 -1.054195E-2
1.261000E-1 5.573115E-2 -8.432947E-3
1.262000E-1 4.742243E-2 -7.167547E-3
1.263000E-1 3.745197E-2 -6.745746E-3
1.264000E-1 2.415802E-2 -4.636745E-3
1.265000E-1 1.003320E-2 -5.058545E-3
1.266000E-1 -3.260748E-3 -4.187422E-4
1.267000E-1 -1.489295E-2 -8.405425E-4
1.268000E-1 -2.569429E-2 3.377460E-3
1.269000E-1 -3.566475E-2 5.486462E-3
1.270000E-1 -4.397347E-2 1.012626E-2
1.271000E-1 -5.228218E-2 1.012626E-2
1.272000E-1 -5.892916E-2 1.054806E-2
1.273000E-1 -6.142177E-2 9.704464E-3
1.274000E-1 -6.059090E-2 8.017263E-3
1.275000E-1 -5.560567E-2 9.282664E-3
1.276000E-1 -4.978957E-2 5.908262E-3
1.277000E-1 -4.231172E-2 3.377460E-3
1.278000E-1 -2.901777E-2 2.955660E-3
1.279000E-1 -1.904731E-2 1.690259E-3
1.280000E-1 -6.584235E-3 3.058052E-6
1.281000E-1 5.047970E-3 -2.105943E-3
1.282000E-1 1.668018E-2 -3.371344E-3
1.283000E-1 2.665064E-2 -6.323946E-3
1.284000E-1 3.745197E-2 -6.745746E-3
1.285000E-1 4.576069E-2 -8.432947E-3
1.286000E-1 5.323854E-2 -9.698348E-3
1.287000E-1 5.822377E-2 -1.012015E-2
1.288000E-1 6.237813E-2 -1.012015E-2
1.289000E-1 6.154725E-2 -1.096375E-2
1.290000E-1 5.656202E-2 -8.432947E-3
1.291000E-1 4.991505E-2 -8.432947E-3
1.292000E-1 3.828284E-2 -7.589347E-3
1.293000E-1 2.665064E-2 -3.371344E-3
1.294000E-1 1.584930E-2 -2.949544E-3
1.295000E-1 1.724483E-3 -2.949544E-3
1.296000E-1 -9.076850E-3 1.690259E-3
1.297000E-1 -2.237080E-2 2.955660E-3
1.298000E-1 -3.234126E-2 4.221061E-3
1.299000E-1 -4.148085E-2 5.486462E-3
1.300000E-1 -4.978957E-2 8.017263E-3
1.301000E-1 -5.643654E-2 9.704464E-3
1.302000E-1 -5.809829E-2 1.223527E-2
1.303000E-1 -6.059090E-2 7.173663E-3
1.304000E-1 -5.892916E-2 6.751862E-3
1.305000E-1 -5.145131E-2 8.439063E-3
1.306000E-1 -4.646608E-2 5.486462E-3
1.307000E-1 -3.400300E-2 6.751862E-3
1.308000E-1 -2.320167E-2 3.377460E-3
1.309000E-1 -1.073859E-2 3.058052E-6
1.310000E-1 8.936112E-4 -8.405425E-4
1.311000E-1 1.252582E-2 -2.949544E-3
1.312000E-1 2.332715E-2 -5.480345E-3
1.313000E-1 3.329761E-2 -8.432947E-3
1.314000E-1 4.326807E-2 -8.432947E-3
1.315000E-1 5.323854E-2 -8.432947E-3
1.316000E-1 5.905464E-2 -1.180735E-2
1.317000E-1 6.071638E-2 -8.011147E-3
1.318000E-1 6.237813E-2 -9.698348E-3
1.319000E-1 5.988551E-2 -9.276548E-3
1.320000E-1 5.573115E-2 -7.167547E-3
1.321000E-1 4.492982E-2 -8.432947E-3
1.322000E-1 3.495936E-2 -6.323946E-3
1.323000E-1 2.249628E-2 -3.371344E-3
1.324000E-1 9.202329E-3 -3.371344E-3
1.325000E-1 -3.260748E-3 -1.684143E-3
1.326000E-1 -1.655470E-2 3.058052E-6
1.327000E-1 -2.901777E-2 2.533860E-3
1.328000E-1 -3.898824E-2 4.221061E-3
1.329000E-1 -4.895870E-2 6.751862E-3
1.330000E-1 -5.311306E-2 8.017263E-3
1.331000E-1 -5.976003E-2 8.439063E-3
1.332000E-1 -6.142177E-2 1.012626E-2
1.333000E-1 -6.142177E-2 8.017263E-3
1.334000E-1 -5.726742E-2 6.330062E-3
1.335000E-1 -5.145131E-2 6.330062E-3
1.336000E-1 -4.064998E-2 3.377460E-3
1.337000E-1 -2.984865E-2 1.690259E-3
1.338000E-1 -1.904731E-2 2.112059E-3
1.339000E-1 -5.753363E-3 -4.187422E-4
1.340000E-1 3.386227E-3 -1.684143E-3
1.341000E-1 1.668018E-2 -3.371344E-3
1.342000E-1 2.748151E-2 -6.745746E-3
1.343000E-1 3.745197E-2 -7.589347E-3
1.344000E-1 4.742243E-2 -7.589347E-3
1.345000E-1 5.406941E-2 -9.698348E-3
1.346000E-1 5.905464E-2 -1.180735E-2
1.347000E-1 6.237813E-2 -1.054195E-2
1.348000E-1 6.071638E-2 -1.012015E-2
1.349000E-1 5.822377E-2 -1.012015E-2
1.350000E-1 4.908418E-2 -7.167547E-3
1.351000E-1 3.828284E-2 -7.589347E-3
1.352000E-1 2.581977E-2 -5.058545E-3
1.353000E-1 1.169494E-2 -2.949544E-3
1.354000E-1 -1.599004E-3 -1.684143E-3
1.355000E-1 -1.323121E-2 -4.187422E-4
1.356000E-1 -2.403254E-2 4.248583E-4
1.357000E-1 -3.400300E-2 1.690259E-3
1.358000E-1 -4.480434E-2 4.221061E-3
1.359000E-1 -5.145131E-2 6.751862E-3
1.360000E-1 -5.726742E-2 3.799261E-3
1.361000E-1 -6.142177E-2 5.064661E-3
1.362000E-1 -6.225265E-2 5.908262E-3
1.363000E-1 -5.809829E-2 5.908262E-3
1.364000E-1 -5.311306E-2 5.064661E-3
1.365000E-1 -4.397347E-2 3.799261E-3
1.366000E-1 -3.400300E-2 -8.405425E-4
1.367000E-1 -2.153993E-2 1.268459E-3
1.368000E-1 -1.073859E-2 3.058052E-6
1.369000E-1 8.936112E-4 -4.214945E-3
1.370000E-1 1.086407E-2 -3.371344E-3
1.371000E-1 2.332715E-2 -6.745746E-3
1.372000E-1 3.329761E-2 -8.432947E-3
1.373000E-1 4.243720E-2 -8.432947E-3
1.374000E-1 5.240766E-2 -9.276548E-3
1.375000E-1 5.988551E-2 -7.167547E-3
1.376000E-1 6.154725E-2 -9.276548E-3
1.377000E-1 6.154725E-2 -1.012015E-2
1.378000E-1 5.905464E-2 -1.222915E-2
1.379000E-1 5.240766E-2 -6.745746E-3
1.380000E-1 4.243720E-2 -6.745746E-3
1.381000E-1 3.246674E-2 -6.323946E-3
1.382000E-1 1.751105E-2 -5.058545E-3
1.383000E-1 5.047970E-3 -2.105943E-3
1.384000E-1 -7.415107E-3 -4.187422E-4
1.385000E-1 -2.070906E-2 1.690259E-3
1.386000E-1 -3.234126E-2 4.221061E-3
1.387000E-1 -4.148085E-2 4.221061E-3
1.388000E-1 -4.978957E-2 8.860864E-3
1.389000E-1 -5.643654E-2 9.282664E-3
1.390000E-1 -5.892916E-2 8.439063E-3
1.391000E-1 -6.225265E-2 1.181347E-2
1.392000E-1 -6.225265E-2 8.017263E-3
1.393000E-1 -5.726742E-2 7.173663E-3
1.394000E-1 -5.062044E-2 8.017263E-3
1.395000E-1 -3.732649E-2 5.064661E-3
1.396000E-1 -2.652516E-2 1.690259E-3
1.397000E-1 -1.489295E-2 -4.187422E-4
1.398000E-1 -1.599004E-3 -2.527744E-3
1.399000E-1 7.540586E-3 -5.902146E-3
1.400000E-1 1.917279E-2 -6.745746E-3
1.401000E-1 2.997412E-2 -9.276548E-3
1.402000E-1 4.077546E-2 -9.698348E-3
1.403000E-1 5.074592E-2 -8.432947E-3
1.404000E-1 5.739289E-2 -9.698348E-3
1.405000E-1 6.237813E-2 -1.180735E-2
1.406000E-1 6.570161E-2 -9.698348E-3
1.407000E-1 6.487074E-2 -7.589347E-3
1.408000E-1 5.656202E-2 -9.276548E-3
1.409000E-1 5.074592E-2 -5.058545E-3
1.410000E-1 3.745197E-2 -5.058545E-3
1.411000E-1 2.581977E-2 -3.371344E-3
1.412000E-1 1.169494E-2 -4.187422E-4
1.413000E-1 -3.260748E-3 3.058052E-6
1.414000E-1 -1.572382E-2 3.377460E-3
1.415000E-1 -2.652516E-2 5.064661E-3
1.416000E-1 -3.649562E-2 5.908262E-3
1.417000E-1 -4.563521E-2 8.439063E-3
1.418000E-1 -5.145131E-2 1.181347E-2
1.419000E-1 -5.726742E-2 1.139167E-2
1.420000E-1 -5.976003E-2 1.096987E-2
1.421000E-1 -6.142177E-2 1.054806E-2
1.422000E-1 -5.726742E-2 9.704464E-3
1.423000E-1 -4.978957E-2 8.017263E-3
1.424000E-1 -4.480434E-2 6.751862E-3
1.425000E-1 -3.400300E-2 2.955660E-3
1.426000E-1 -1.987818E-2 1.690259E-3
1.427000E-1 -9.076850E-3 3.058052E-6
1.428000E-1 3.386227E-3 -4.187422E-4
1.429000E-1 1.418756E-2 -3.371344E-3
1.430000E-1 2.498889E-2 -6.745746E-3
1.431000E-1 3.579023E-2 -1.012015E-2
1.432000E-1 4.492982E-2 -1.096375E-2
1.433000E-1 5.074592E-2 -1.180735E-2
1.434000E-1 5.905464E-2 -1.222915E-2
1.435000E-1 6.320900E-2 -1.054195E-2
1.436000E-1 6.237813E-2 -1.138555E-2
1.437000E-1 5.905464E-2 -1.180735E-2
1.438000E-1 5.406941E-2 -1.054195E-2
1.439000E-1 4.326807E-2 -8.854748E-3
1.440000E-1 3.080500E-2 -8.011147E-3
1.441000E-1 1.751105E-2 -3.793144E-3
1.442000E-1 3.386227E-3 -2.105943E-3
1.443000E-1 -8.245979E-3 -2.105943E-3
1.444000E-1 -2.070906E-2 2.955660E-3
1.445000E-1 -3.234126E-2 5.064661E-3
1.446000E-1 -4.314259E-2 5.486462E-3
1.447000E-1 -5.145131E-2 8.860864E-3
1.448000E-1 -5.726742E-2 1.012626E-2
1.449000E-1 -6.059090E-2 9.704464E-3
1.450000E-1 -6.142177E-2 8.860864E-3
1.451000E-1 -6.142177E-2 8.860864E-3
1.452000E-1 -5.643654E-2 4.642861E-3
1.453000E-1 -4.895870E-2 5.064661E-3
1.454000E-1 -3.732649E-2 5.486462E-3
1.455000E-1 -2.818690E-2 2.955660E-3
1.456000E-1 -1.406208E-2 2.112059E-3
1.457000E-1 -1.599004E-3 1.690259E-3
1.458000E-1 7.540586E-3 -1.684143E-3
1.459000E-1 2.083453E-2 -1.262343E-3
1.460000E-1 3.080500E-2 -5.902146E-3
1.461000E-1 3.911371E-2 -9.276548E-3
1.462000E-1 4.825330E-2 -6.323946E-3
1.463000E-1 5.739289E-2 -9.698348E-3
1.464000E-1 5.988551E-2 -9.276548E-3
1.465000E-1 6.320900E-2 -8.432947E-3
1.466000E-1 6.237813E-2 -9.698348E-3
1.467000E-1 5.490028E-2 -8.432947E-3
1.468000E-1 4.659156E-2 -5.902146E-3
1.469000E-1 3.579023E-2 -6.745746E-3
1.470000E-1 2.415802E-2 -5.902146E-3
1.471000E-1 1.086407E-2 -3.371344E-3
1.472000E-1 -4.091620E-3 -2.527744E-3
1.473000E-1 -1.406208E-2 -1.262343E-3
1.474000E-1 -2.818690E-2 1.690259E-3
1.475000E-1 -3.898824E-2 4.221061E-3
1.476000E-1 -4.729695E-2 4.642861E-3
1.477000E-1 -5.394393E-2 8.017263E-3
1.478000E-1 -5.892916E-2 6.330062E-3
1.479000E-1 -6.059090E-2 7.595463E-3
1.480000E-1 -5.976003E-2 8.017263E-3
1.481000E-1 -5.726742E-2 4.642861E-3
1.482000E-1 -4.895870E-2 2.955660E-3
1.483000E-1 -4.148085E-2 3.799261E-3
1.484000E-1 -2.901777E-2 3.799261E-3
1.485000E-1 -2.070906E-2 3.058052E-6
1.486000E-1 -6.584235E-3 8.466586E-4
1.487000E-1 3.386227E-3 -2.527744E-3
1.488000E-1 1.584930E-2 -2.949544E-3
1.489000E-1 2.665064E-2 -3.793144E-3
1.490000E-1 3.579023E-2 -6.745746E-3
1.491000E-1 4.492982E-2 -6.745746E-3
1.492000E-1 5.406941E-2 -7.167547E-3
1.493000E-1 5.905464E-2 -7.167547E-3
1.494000E-1 6.154725E-2 -6.745746E-3
1.495000E-1 6.237813E-2 -5.058545E-3
1.496000E-1 5.656202E-2 -7.589347E-3
1.497000E-1 5.074592E-2 -5.902146E-3
1.498000E-1 3.745197E-2 -3.371344E-3
1.499000E-1 2.831238E-2 -3.371344E-3
1.500000E-1 1.501843E-2 -2.105943E-3
1.501000E-1 2.555355E-3 1.268459E-3
1.502000E-1 -9.907722E-3 2.533860E-3
1.503000E-1 -2.153993E-2 2.533860E-3
1.504000E-1 -3.234126E-2 7.173663E-3
1.505000E-1 -3.981911E-2 7.595463E-3
1.506000E-1 -4.895870E-2 8.439063E-3
1.507000E-1 -5.726742E-2 1.096987E-2
1.508000E-1 -5.809829E-2 7.173663E-3
1.509000E-1 -6.059090E-2 8.439063E-3
1.510000E-1 -5.726742E-2 8.439063E-3
1.511000E-1 -5.145131E-2 5.908262E-3
1.512000E-1 -4.397347E-2 4.221061E-3
1.513000E-1 -3.317213E-2 3.377460E-3
1.514000E-1 -2.237080E-2 1.690259E-3
1.515000E-1 -1.156947E-2 1.690259E-3
1.516000E-1 8.936112E-4 -4.187422E-4
1.517000E-1 1.086407E-2 -4.214945E-3
1.518000E-1 2.083453E-2 -4.636745E-3
1.519000E-1 3.246674E-2 -5.058545E-3
1.520000E-1 4.326807E-2 -8.011147E-3
1.521000E-1 4.908418E-2 -8.432947E-3
1.522000E-1 5.656202E-2 -8.432947E-3
1.523000E-1 5.988551E-2 -1.012015E-2
1.524000E-1 6.071638E-2 -6.745746E-3
1.525000E-1 5.822377E-2 -8.011147E-3
1.526000E-1 5.240766E-2 -5.902146E-3
1.527000E-1 4.326807E-2 -4.214945E-3
1.528000E-1 2.997412E-2 -3.793144E-3
1.529000E-1 1.834192E-2 -2.949544E-3
1.530000E-1 4.217098E-3 -8.405425E-4
1.531000E-1 -6.584235E-3 1.690259E-3
1.532000E-1 -1.987818E-2 2.533860E-3
1.533000E-1 -3.067952E-2 6.751862E-3
1.534000E-1 -3.898824E-2 7.173663E-3
1.535000E-1 -4.729695E-2 7.173663E-3
1.536000E-1 -5.560567E-2 1.054806E-2
1.537000E-1 -5.976003E-2 1.054806E-2
1.538000E-1 -6.391439E-2 8.017263E-3
1.539000E-1 -6.059090E-2 8.860864E-3
1.540000E-1 -5.726742E-2 6.751862E-3
1.541000E-1 -5.062044E-2 5.486462E-3
1.542000E-1 -3.815736E-2 4.642861E-3
1.543000E-1 -2.818690E-2 2.533860E-3
1.544000E-1 -1.655470E-2 -4.187422E-4
1.545000E-1 -2.429876E-3 3.058052E-6
1.546000E-1 6.709714E-3 -4.214945E-3
1.547000E-1 1.834192E-2 -6.745746E-3
1.548000E-1 2.831238E-2 -7.589347E-3
1.549000E-1 3.828284E-2 -1.138555E-2
1.550000E-1 4.576069E-2 -1.012015E-2
1.551000E-1 5.406941E-2 -1.054195E-2
1.552000E-1 5.739289E-2 -1.433815E-2
1.553000E-1 5.822377E-2 -1.265095E-2
1.554000E-1 5.905464E-2 -9.698348E-3
1.555000E-1 5.406941E-2 -8.854748E-3
1.556000E-1 4.742243E-2 -6.745746E-3
1.557000E-1 3.662110E-2 -4.636745E-3
1.558000E-1 2.498889E-2 -2.527744E-3
1.559000E-1 1.086407E-2 -4.187422E-4
1.560000E-1 -1.599004E-3 1.690259E-3
1.561000E-1 -1.240034E-2 2.955660E-3
1.562000E-1 -2.403254E-2 5.486462E-3
1.563000E-1 -3.483388E-2 8.860864E-3
1.564000E-1 -4.231172E-2 8.439063E-3
1.565000E-1 -5.311306E-2 9.704464E-3
1.566000E-1 -5.643654E-2 1.139167E-2
1.567000E-1 -6.059090E-2 1.054806E-2
1.568000E-1 -6.059090E-2 8.439063E-3
1.569000E-1 -5.976003E-2 1.012626E-2
1.570000E-1 -5.311306E-2 5.908262E-3
1.571000E-1 -4.314259E-2 5.064661E-3
1.572000E-1 -3.400300E-2 3.377460E-3
1.573000E-1 -2.237080E-2 3.058052E-6
1.574000E-1 -9.907722E-3 -2.527744E-3
1.575000E-1 1.724483E-3 -2.949544E-3
1.576000E-1 1.252582E-2 -5.480345E-3
1.577000E-1 2.581977E-2 -7.589347E-3
1.578000E-1 3.246674E-2 -8.432947E-3
1.579000E-1 4.077546E-2 -1.349455E-2
1.580000E-1 4.991505E-2 -1.222915E-2
1.581000E-1 5.739289E-2 -1.138555E-2
1.582000E-1 5.822377E-2 -1.180735E-2
1.583000E-1 5.988551E-2 -8.432947E-3
1.584000E-1 5.739289E-2 -7.167547E-3
1.585000E-1 4.825330E-2 -8.432947E-3
1.586000E-1 4.160633E-2 -5.058545E-3
1.587000E-1 2.914325E-2 -3.371344E-3
1.588000E-1 1.501843E-2 -3.371344E-3
1.589000E-1 2.555355E-3 8.466586E-4
1.590000E-1 -9.076850E-3 3.799261E-3
1.591000E-1 -2.153993E-2 3.799261E-3
1.592000E-1 -3.151039E-2 7.173663E-3
1.593000E-1 -4.314259E-2 8.860864E-3
1.594000E-1 -4.978957E-2 1.181347E-2
1.595000E-1 -5.560567E-2 1.181347E-2
1.596000E-1 -5.976003E-2 1.223527E-2
1.597000E-1 -5.976003E-2 1.012626E-2
1.598000E-1 -5.892916E-2 1.012626E-2
1.599000E-1 -5.560567E-2 1.054806E-2
1.600000E-1 -4.646608E-2 6.751862E-3
1.601000E-1 -3.566475E-2 5.908262E-3
1.602000E-1 -2.652516E-2 3.377460E-3
1.603000E-1 -1.406208E-2 1.268459E-3
1.604000E-1 -7.681324E-4 -2.105943E-3
1.605000E-1 1.003320E-2 -3.793144E-3
1.606000E-1 1.917279E-2 -8.432947E-3
1.607000E-1 2.997412E-2 -5.902146E-3
1.608000E-1 4.077546E-2 -8.432947E-3
1.609000E-1 4.908418E-2 -1.138555E-2
1.610000E-1 5.656202E-2 -1.012015E-2
1.611000E-1 6.237813E-2 -1.096375E-2
1.612000E-1 6.237813E-2 -1.138555E-2
1.613000E-1 6.071638E-2 -6.745746E-3
1.614000E-1 5.573115E-2 -8.854748E-3
1.615000E-1 4.576069E-2 -6.323946E-3
1.616000E-1 3.412848E-2 -3.371344E-3
1.617000E-1 2.332715E-2 -1.262343E-3
1.618000E-1 7.540586E-3 -1.684143E-3
1.619000E-1 -5.753363E-3 8.466586E-4
1.620000E-1 -1.738557E-2 3.799261E-3
1.621000E-1 -2.735603E-2 3.377460E-3
1.622000E-1 -3.815736E-2 8.860864E-3
1.623000E-1 -4.729695E-2 1.012626E-2
1.624000E-1 -5.477480E-2 1.012626E-2
1.625000E-1 -6.059090E-2 1.181347E-2
1.626000E-1 -6.225265E-2 1.139167E-2
1.627000E-1 -6.225265E-2 8.439063E-3
1.628000E-1 -5.726742E-2 6.751862E-3
1.629000E-1 -5.145131E-2 8.439063E-3
1.630000E-1 -4.231172E-2 3.377460E-3
1.631000E-1 -3.234126E-2 3.377460E-3
1.632000E-1 -1.987818E-2 1.690259E-3
1.633000E-1 -6.584235E-3 -1.262343E-3
1.634000E-1 4.217098E-3 -8.405425E-4
1.635000E-1 1.584930E-2 -4.636745E-3
1.636000E-1 2.665064E-2 -7.167547E-3
1.637000E-1 3.828284E-2 -9.698348E-3
1.638000E-1 4.742243E-2 -8.011147E-3
1.639000E-1 5.406941E-2 -1.054195E-2
1.640000E-1 5.905464E-2 -1.180735E-2
1.641000E-1 6.154725E-2 -1.180735E-2
1.642000E-1 6.237813E-2 -1.054195E-2
1.643000E-1 5.739289E-2 -8.432947E-3
1.644000E-1 4.908418E-2 -9.276548E-3
1.645000E-1 4.160633E-2 -6.323946E-3
1.646000E-1 2.914325E-2 -5.058545E-3
1.647000E-1 1.418756E-2 -3.371344E-3
1.648000E-1 2.555355E-3 -1.262343E-3
1.649000E-1 -1.073859E-2 4.248583E-4
1.650000E-1 -2.237080E-2 2.533860E-3
1.651000E-1 -3.566475E-2 4.221061E-3
1.652000E-1 -4.397347E-2 6.751862E-3
1.653000E-1 -5.311306E-2 7.173663E-3
1.654000E-1 -5.892916E-2 8.860864E-3
1.655000E-1 -6.391439E-2 8.860864E-3
1.656000E-1 -6.391439E-2 8.860864E-3
1.657000E-1 -6.059090E-2 7.173663E-3
1.658000E-1 -5.560567E-2 8.017263E-3
1.659000E-1 -4.646608E-2 5.486462E-3
1.660000E-1 -3.649562E-2 5.908262E-3
1.661000E-1 -2.569429E-2 4.642861E-3
1.662000E-1 -1.489295E-2 -4.187422E-4
1.663000E-1 -1.599004E-3 -2.105943E-3
1.664000E-1 9.202329E-3 -2.527744E-3
1.665000E-1 2.000366E-2 -7.589347E-3
1.666000E-1 3.163587E-2 -9.276548E-3
1.667000E-1 4.326807E-2 -1.012015E-2
1.668000E-1 4.825330E-2 -1.180735E-2
1.669000E-1 5.406941E-2 -1.138555E-2
1.670000E-1 5.822377E-2 -1.096375E-2
1.671000E-1 5.988551E-2 -1.222915E-2
1.672000E-1 5.739289E-2 -1.054195E-2
1.673000E-1 4.991505E-2 -8.432947E-3
1.674000E-1 4.077546E-2 -9.276548E-3
1.675000E-1 2.997412E-2 -7.167547E-3
1.676000E-1 1.917279E-2 -5.058545E-3
1.677000E-1 5.878842E-3 -5.058545E-3
1.678000E-1 -4.922491E-3 -4.214945E-3
1.679000E-1 -1.904731E-2 -8.405425E-4
1.680000E-1 -2.984865E-2 8.466586E-4
1.681000E-1 -4.064998E-2 2.533860E-3
1.682000E-1 -4.978957E-2 4.642861E-3
1.683000E-1 -5.643654E-2 7.173663E-3
1.684000E-1 -6.225265E-2 5.908262E-3
1.685000E-1 -6.308352E-2 7.595463E-3
1.686000E-1 -6.142177E-2 6.751862E-3
1.687000E-1 -5.726742E-2 3.377460E-3
1.688000E-1 -5.062044E-2 3.377460E-3
1.689000E-1 -4.064998E-2 3.377460E-3
1.690000E-1 -3.317213E-2 3.799261E-3
1.691000E-1 -1.904731E-2 2.533860E-3
1.692000E-1 -6.584235E-3 -8.405425E-4
1.693000E-1 2.555355E-3 3.058052E-6
1.694000E-1 1.584930E-2 -3.371344E-3
1.695000E-1 2.748151E-2 -5.480345E-3
1.696000E-1 3.662110E-2 -6.323946E-3
1.697000E-1 4.659156E-2 -6.745746E-3
1.698000E-1 5.240766E-2 -7.167547E-3
1.699000E-1 5.822377E-2 -6.323946E-3
1.700000E-1 6.154725E-2 -8.854748E-3
1.701000E-1 6.071638E-2 -8.854748E-3
1.702000E-1 5.739289E-2 -7.167547E-3
1.703000E-1 4.742243E-2 -6.745746E-3
1.704000E-1 3.745197E-2 -5.480345E-3
1.705000E-1 2.665064E-2 -4.214945E-3
1.706000E-1 1.335669E-2 -3.793144E-3
1.707000E-1 6.273941E-5 -2.527744E-3
1.708000E-1 -1.073859E-2 2.533860E-3
1.709000E-1 -2.320167E-2 3.377460E-3
1.710000E-1 -3.317213E-2 5.064661E-3
1.711000E-1 -4.397347E-2 6.751862E-3
1.712000E-1 -5.145131E-2 8.860864E-3
1.713000E-1 -5.726742E-2 8.439063E-3
1.714000E-1 -6.142177E-2 1.096987E-2
1.715000E-1 -6.142177E-2 8.439063E-3
1.716000E-1 -5.809829E-2 7.173663E-3
1.717000E-1 -5.311306E-2 7.173663E-3
1.718000E-1 -4.563521E-2 4.221061E-3
1.719000E-1 -3.400300E-2 1.690259E-3
1.720000E-1 -2.320167E-2 2.533860E-3
1.721000E-1 -1.323121E-2 3.058052E-6
1.722000E-1 6.273941E-5 -2.527744E-3
1.723000E-1 1.003320E-2 -3.371344E-3
1.724000E-1 2.000366E-2 -6.745746E-3
1.725000E-1 2.997412E-2 -8.432947E-3
1.726000E-1 4.077546E-2 -9.276548E-3
1.727000E-1 4.908418E-2 -1.096375E-2
1.728000E-1 5.490028E-2 -1.012015E-2
1.729000E-1 5.905464E-2 -8.854748E-3
1.730000E-1 5.739289E-2 -1.138555E-2
1.731000E-1 5.490028E-2 -1.138555E-2
1.732000E-1 4.825330E-2 -1.012015E-2
1.733000E-1 3.828284E-2 -9.698348E-3
1.734000E-1 2.665064E-2 -6.745746E-3
1.735000E-1 1.418756E-2 -3.371344E-3
1.736000E-1 4.217098E-3 -3.371344E-3
1.737000E-1 -8.245979E-3 -1.684143E-3
1.738000E-1 -2.070906E-2 1.268459E-3
1.739000E-1 -3.234126E-2 4.642861E-3
1.740000E-1 -4.314259E-2 6.751862E-3
1.741000E-1 -4.895870E-2 7.173663E-3
1.742000E-1 -5.560567E-2 7.173663E-3
1.743000E-1 -6.059090E-2 8.439063E-3
1.744000E-1 -6.142177E-2 7.173663E-3
1.745000E-1 -6.059090E-2 6.330062E-3
1.746000E-1 -5.643654E-2 5.064661E-3
1.747000E-1 -4.812783E-2 4.642861E-3
1.748000E-1 -3.732649E-2 2.533860E-3
1.749000E-1 -2.818690E-2 4.248583E-4
1.750000E-1 -1.655470E-2 4.248583E-4
1.751000E-1 -3.260748E-3 -8.405425E-4
1.752000E-1 7.540586E-3 -2.949544E-3
1.753000E-1 1.751105E-2 -5.480345E-3
1.754000E-1 2.914325E-2 -9.698348E-3
1.755000E-1 3.911371E-2 -8.432947E-3
1.756000E-1 4.825330E-2 -9.698348E-3
1.757000E-1 5.406941E-2 -1.138555E-2
1.758000E-1 5.822377E-2 -1.222915E-2
1.759000E-1 5.988551E-2 -1.180735E-2
1.760000E-1 5.905464E-2 -1.138555E-2
1.761000E-1 5.323854E-2 -9.276548E-3
1.762000E-1 4.576069E-2 -8.011147E-3
1.763000E-1 3.412848E-2 -6.745746E-3
1.764000E-1 2.415802E-2 -2.527744E-3
1.765000E-1 1.169494E-2 -1.684143E-3
1.766000E-1 -2.429876E-3 -4.187422E-4
1.767000E-1 -1.323121E-2 3.799261E-3
1.768000E-1 -2.735603E-2 3.377460E-3
1.769000E-1 -3.732649E-2 5.908262E-3
1.770000E-1 -4.480434E-2 8.439063E-3
1.771000E-1 -5.311306E-2 9.704464E-3
1.772000E-1 -5.726742E-2 1.012626E-2
1.773000E-1 -6.059090E-2 1.054806E-2
1.774000E-1 -6.059090E-2 1.054806E-2
1.775000E-1 -5.726742E-2 8.439063E-3
1.776000E-1 -5.145131E-2 7.595463E-3
1.777000E-1 -4.064998E-2 6.751862E-3
1.778000E-1 -2.901777E-2 5.486462E-3
1.779000E-1 -1.987818E-2 2.955660E-3
1.780000E-1 -6.584235E-3 -4.187422E-4
1.781000E-1 4.217098E-3 -1.684143E-3
1.782000E-1 1.584930E-2 -3.793144E-3
1.783000E-1 2.581977E-2 -3.371344E-3
1.784000E-1 3.495936E-2 -8.432947E-3
1.785000E-1 4.576069E-2 -7.167547E-3
1.786000E-1 5.240766E-2 -1.012015E-2
1.787000E-1 5.656202E-2 -1.054195E-2
1.788000E-1 5.905464E-2 -9.698348E-3
1.789000E-1 6.071638E-2 -1.138555E-2
1.790000E-1 5.573115E-2 -1.012015E-2
1.791000E-1 4.742243E-2 -8.432947E-3
1.792000E-1 3.828284E-2 -8.854748E-3
1.793000E-1 2.665064E-2 -6.745746E-3
1.794000E-1 1.584930E-2 -3.793144E-3
1.795000E-1 2.555355E-3 -2.527744E-3
1.796000E-1 -9.907722E-3 3.058052E-6
1.797000E-1 -2.153993E-2 2.112059E-3
1.798000E-1 -3.317213E-2 3.377460E-3
1.799000E-1 -4.397347E-2 4.642861E-3
1.800000E-1 -5.145131E-2 8.017263E-3
1.801000E-1 -5.560567E-2 8.439063E-3
1.802000E-1 -5.976003E-2 9.704464E-3
1.803000E-1 -6.059090E-2 9.704464E-3
1.804000E-1 -5.809829E-2 7.595463E-3
1.805000E-1 -5.228218E-2 6.751862E-3
1.806000E-1 -4.480434E-2 8.439063E-3
1.807000E-1 -3.400300E-2 5.908262E-3
1.808000E-1 -2.237080E-2 5.064661E-3
1.809000E-1 -9.907722E-3 3.799261E-3
1.810000E-1 4.217098E-3 1.268459E-3
1.811000E-1 1.335669E-2 -1.262343E-3
1.812000E-1 2.498889E-2 -8.405425E-4
1.813000E-1 3.495936E-2 -4.636745E-3
1.814000E-1 4.326807E-2 -5.480345E-3
1.815000E-1 5.074592E-2 -6.745746E-3
1.816000E-1 5.739289E-2 -7.167547E-3
1.817000E-1 6.154725E-2 -8.432947E-3
1.818000E-1 6.570161E-2 -5.058545E-3
1.819000E-1 6.071638E-2 -7.167547E-3
1.820000E-1 5.406941E-2 -6.745746E-3
1.821000E-1 4.576069E-2 -4.636745E-3
1.822000E-1 3.329761E-2 -7.589347E-3
1.823000E-1 2.000366E-2 -2.527744E-3
1.824000E-1 7.540586E-3 -4.187422E-4
1.825000E-1 -5.753363E-3 -4.187422E-4
1.826000E-1 -1.572382E-2 2.955660E-3
1.827000E-1 -2.901777E-2 5.908262E-3
1.828000E-1 -3.981911E-2 4.221061E-3
1.829000E-1 -5.062044E-2 6.330062E-3
1.830000E-1 -5.560567E-2 9.704464E-3
1.831000E-1 -6.059090E-2 7.595463E-3
1.832000E-1 -6.142177E-2 8.860864E-3
1.833000E-1 -6.059090E-2 7.595463E-3
1.834000E-1 -5.560567E-2 7.173663E-3
1.835000E-1 -5.062044E-2 6.751862E-3
1.836000E-1 -3.981911E-2 2.112059E-3
1.837000E-1 -2.984865E-2 2.112059E-3
1.838000E-1 -1.738557E-2 3.377460E-3
1.839000E-1 -2.429876E-3 1.690259E-3
1.840000E-1 8.371458E-3 -1.262343E-3
1.841000E-1 1.917279E-2 -3.371344E-3
1.842000E-1 3.163587E-2 -5.480345E-3
1.843000E-1 4.160633E-2 -6.745746E-3
1.844000E-1 5.157679E-2 -5.058545E-3
1.845000E-1 5.988551E-2 -7.167547E-3
1.846000E-1 6.237813E-2 -8.854748E-3
1.847000E-1 6.570161E-2 -6.745746E-3
1.848000E-1 6.570161E-2 -7.167547E-3
1.849000E-1 5.905464E-2 -4.636745E-3
1.850000E-1 5.074592E-2 -3.793144E-3
1.851000E-1 3.994459E-2 -2.949544E-3
1.852000E-1 2.831238E-2 -1.684143E-3
1.853000E-1 1.584930E-2 8.466586E-4
1.854000E-1 4.217098E-3 2.955660E-3
1.855000E-1 -9.076850E-3 3.377460E-3
1.856000E-1 -2.237080E-2 8.439063E-3
1.857000E-1 -3.151039E-2 8.017263E-3
1.858000E-1 -4.148085E-2 8.439063E-3
1.859000E-1 -4.895870E-2 1.265707E-2
1.860000E-1 -5.394393E-2 1.181347E-2
1.861000E-1 -5.809829E-2 1.181347E-2
1.862000E-1 -5.809829E-2 1.181347E-2
1.863000E-1 -5.560567E-2 1.054806E-2
1.864000E-1 -4.978957E-2 6.751862E-3
1.865000E-1 -4.148085E-2 7.595463E-3
1.866000E-1 -3.234126E-2 7.173663E-3
1.867000E-1 -1.987818E-2 5.064661E-3
1.868000E-1 -8.245979E-3 3.377460E-3
1.869000E-1 3.386227E-3 1.690259E-3
1.870000E-1 1.584930E-2 -4.187422E-4
1.871000E-1 2.581977E-2 -1.684143E-3
1.872000E-1 3.579023E-2 -7.167547E-3
1.873000E-1 4.576069E-2 -8.432947E-3
1.874000E-1 5.240766E-2 -5.058545E-3
1.875000E-1 6.154725E-2 -9.698348E-3
1.876000E-1 6.403987E-2 -9.276548E-3
1.877000E-1 6.570161E-2 -7.589347E-3
1.878000E-1 6.320900E-2 -5.902146E-3
1.879000E-1 5.573115E-2 -6.745746E-3
1.880000E-1 4.576069E-2 -5.480345E-3
1.881000E-1 3.412848E-2 -3.371344E-3
1.882000E-1 2.083453E-2 -2.105943E-3
1.883000E-1 6.709714E-3 3.058052E-6
1.884000E-1 -4.091620E-3 3.058052E-6
1.885000E-1 -1.738557E-2 2.955660E-3
1.886000E-1 -2.818690E-2 8.017263E-3
1.887000E-1 -3.732649E-2 8.017263E-3
1.888000E-1 -4.729695E-2 1.012626E-2
1.889000E-1 -5.394393E-2 1.054806E-2
1.890000E-1 -5.892916E-2 9.282664E-3
1.891000E-1 -6.225265E-2 1.012626E-2
1.892000E-1 -5.809829E-2 8.439063E-3
1.893000E-1 -5.477480E-2 6.751862E-3
1.894000E-1 -4.895870E-2 7.595463E-3
1.895000E-1 -3.732649E-2 5.064661E-3
1.896000E-1 -2.652516E-2 3.377460E-3
1.897000E-1 -1.323121E-2 1.690259E-3
1.898000E-1 -2.429876E-3 3.058052E-6
1.899000E-1 7.540586E-3 -1.684143E-3
1.900000E-1 2.249628E-2 -2.527744E-3
1.901000E-1 3.080500E-2 -2.105943E-3
1.902000E-1 3.994459E-2 -8.854748E-3
1.903000E-1 4.991505E-2 -6.745746E-3
1.904000E-1 5.905464E-2 -7.167547E-3
1.905000E-1 6.403987E-2 -8.432947E-3
1.906000E-1 6.570161E-2 -6.745746E-3
1.907000E-1 6.487074E-2 -7.167547E-3
1.908000E-1 6.237813E-2 -6.745746E-3
1.909000E-1 5.157679E-2 -1.684143E-3
1.910000E-1 3.828284E-2 -8.405425E-4
1.911000E-1 2.748151E-2 -1.684143E-3
1.912000E-1 1.418756E-2 8.466586E-4
1.913000E-1 8.936112E-4 4.642861E-3
1.914000E-1 -1.073859E-2 5.486462E-3
1.915000E-1 -2.320167E-2 8.439063E-3
1.916000E-1 -3.317213E-2 1.054806E-2
1.917000E-1 -4.314259E-2 1.096987E-2
1.918000E-1 -5.145131E-2 1.392247E-2
1.919000E-1 -5.726742E-2 1.350067E-2
1.920000E-1 -5.809829E-2 1.307887E-2
1.921000E-1 -5.976003E-2 1.307887E-2
1.922000E-1 -5.394393E-2 1.054806E-2
1.923000E-1 -4.978957E-2 8.439063E-3
1.924000E-1 -4.231172E-2 7.173663E-3
1.925000E-1 -3.067952E-2 5.486462E-3
1.926000E-1 -2.237080E-2 2.533860E-3
1.927000E-1 -7.415107E-3 3.377460E-3
1.928000E-1 4.217098E-3 -1.684143E-3
1.929000E-1 1.501843E-2 -3.793144E-3
1.930000E-1 2.748151E-2 -3.371344E-3
1.931000E-1 3.745197E-2 -6.745746E-3
1.932000E-1 4.659156E-2 -6.745746E-3
1.933000E-1 5.573115E-2 -9.698348E-3
1.934000E-1 6.071638E-2 -1.222915E-2
1.935000E-1 6.570161E-2 -7.167547E-3
1.936000E-1 6.487074E-2 -7.589347E-3
1.937000E-1 6.071638E-2 -7.167547E-3
1.938000E-1 5.240766E-2 -5.058545E-3
1.939000E-1 4.243720E-2 -3.371344E-3
1.940000E-1 3.080500E-2 -2.949544E-3
1.941000E-1 1.668018E-2 -2.105943E-3
1.942000E-1 5.047970E-3 2.533860E-3
1.943000E-1 -7.415107E-3 3.377460E-3
1.944000E-1 -1.655470E-2 7.173663E-3
1.945000E-1 -2.901777E-2 1.054806E-2
1.946000E-1 -3.732649E-2 1.012626E-2
1.947000E-1 -4.729695E-2 1.307887E-2
1.948000E-1 -5.394393E-2 1.350067E-2
1.949000E-1 -5.809829E-2 1.223527E-2
1.950000E-1 -5.976003E-2 1.181347E-2
1.951000E-1 -5.726742E-2 1.139167E-2
1.952000E-1 -5.228218E-2 8.860864E-3
1.953000E-1 -4.646608E-2 6.751862E-3
1.954000E-1 -3.649562E-2 4.221061E-3
1.955000E-1 -2.320167E-2 1.690259E-3
1.956000E-1 -1.240034E-2 3.058052E-6
1.957000E-1 -7.681324E-4 -4.187422E-4
1.958000E-1 1.252582E-2 -3.371344E-3
1.959000E-1 2.332715E-2 -7.167547E-3
1.960000E-1 3.329761E-2 -4.636745E-3
1.961000E-1 4.243720E-2 -6.745746E-3
1.962000E-1 5.240766E-2 -6.745746E-3
1.963000E-1 5.822377E-2 -8.432947E-3
1.964000E-1 6.071638E-2 -9.276548E-3
1.965000E-1 6.570161E-2 -6.745746E-3
1.966000E-1 5.988551E-2 -6.745746E-3
1.967000E-1 5.573115E-2 -6.745746E-3
1.968000E-1 4.576069E-2 -5.902146E-3
1.969000E-1 3.495936E-2 -3.371344E-3
1.970000E-1 2.332715E-2 -1.684143E-3
1.971000E-1 1.252582E-2 3.058052E-6
1.972000E-1 -3.260748E-3 1.690259E-3
1.973000E-1 -1.406208E-2 2.112059E-3
1.974000E-1 -2.569429E-2 7.173663E-3
1.975000E-1 -3.649562E-2 8.017263E-3
1.976000E-1 -4.480434E-2 9.282664E-3
1.977000E-1 -5.145131E-2 1.181347E-2
1.978000E-1 -5.560567E-2 1.181347E-2
1.979000E-1 -5.976003E-2 1.181347E-2
1.980000E-1 -5.726742E-2 1.054806E-2
1.981000E-1 -5.394393E-2 1.181347E-2
1.982000E-1 -4.812783E-2 7.595463E-3
1.983000E-1 -3.815736E-2 6.751862E-3
1.984000E-1 -2.735603E-2 5.908262E-3
1.985000E-1 -1.655470E-2 2.533860E-3
1.986000E-1 -4.091620E-3 1.690259E-3
1.987000E-1 8.371458E-3 1.268459E-3
1.988000E-1 1.751105E-2 -1.684143E-3
1.989000E-1 2.914325E-2 -2.949544E-3
1.990000E-1 3.911371E-2 -4.636745E-3
1.991000E-1 4.908418E-2 -6.323946E-3
1.992000E-1 5.573115E-2 -5.480345E-3
1.993000E-1 6.154725E-2 -8.011147E-3
1.994000E-1 6.487074E-2 -8.011147E-3
1.995000E-1 6.320900E-2 -7.167547E-3
1.996000E-1 5.905464E-2 -6.745746E-3
1.997000E-1 5.240766E-2 -5.480345E-3
1.998000E-1 4.077546E-2 -3.793144E-3
1.999000E-1 2.914325E-2 -2.949544E-3
