0.0, 0.0
0.01, 0.4140625
0.02, 0.6640625
0.03, 0.6640625
0.04, 0.4140625
0.05, 0.0
0.06, -0.4140625
0.07, -0.6640625
0.08, -0.6640625
0.09, -0.4140625
0.1, -0.0
0.11, 0.4140625
0.12, 0.6640625
0.13, 0.6640625
0.14, 0.4140625
0.15, 0.0
0.16, -0.4140625
0.17, -0.6640625
0.18, -0.6640625
0.19, -0.4140625
0.2, -0.0
0.21, 0.4140625
0.22, 0.6640625
0.23, 0.6640625
0.24, 0.4140625
0.25, 0.0
0.26, -0.4140625
0.27, -0.6640625
0.28, -0.6640625
0.29, -0.4140625
0.3, -0.0
0.31, 0.4140625
0.32, 0.6640625
0.33, 0.6640625
0.34, 0.4140625
0.35, 0.0
0.36, -0.4140625
0.37, -0.6640625
0.38, -0.6640625
0.39, -0.4140625
0.4, -0.0
0.41, 0.4140625
0.42, 0.6640625
0.43, 0.6640625
0.44, 0.4140625
0.45, 0.0
0.46, -0.4140625
0.47, -0.6640625
0.48, -0.6640625
0.49, -0.4140625
0.5, -0.0
0.51, 0.4140625
0.52, 0.6640625
0.53, 0.6640625
0.54, 0.4140625
0.55, -0.0
0.56, -0.4140625
0.57, -0.6640625
0.58, -0.6640625
0.59, -0.4140625
0.6, -0.0
0.61, 0.4140625
0.62, 0.6640625
0.63, 0.6640625
0.64, 0.4140625
0.65, -0.0
0.66, -0.4140625
0.67, -0.6640625
0.68, -0.6640625
0.69, -0.4140625
0.7, -0.0
0.71, 0.4140625
0.72, 0.6640625
0.73, 0.6640625
0.74, 0.4140625
0.75, 0.0
0.76, -0.4140625
0.77, -0.6640625
0.78, -0.6640625
0.79, -0.4140625
0.8, -0.0
0.81, 0.4140625
0.82, 0.6640625
0.83, 0.6640625
0.84, 0.4140625
0.85, 0.0
0.86, -0.4140625
0.87, -0.6640625
0.88, -0.6640625
0.89, -0.4140625
0.9, -0.0
0.91, 0.4140625
0.92, 0.6640625
0.93, 0.6640625
0.94, 0.4140625
0.95, 0.0
0.96, -0.4140625
0.97, -0.6640625
0.98, -0.6640625
0.99, -0.4140625
1.0, -0.0
1.01, 0.4140625
1.02, 0.6640625
1.03, 0.6640625
1.04, 0.4140625
1.05, -0.0
1.06, -0.4140625
1.07, -0.6640625
1.08, -0.6640625
1.09, -0.4140625
1.1, 0.0
1.11, 0.4140625
1.12, 0.6640625
1.13, 0.6640625
1.14, 0.4140625
1.15, 0.0
1.16, -0.4140625
1.17, -0.6640625
1.18, -0.6640625
1.19, -0.4140625
1.2, -0.0
1.21, 0.4140625
1.22, 0.6640625
1.23, 0.6640625
1.24, 0.4140625
1.25, -0.0
1.26, -0.4140625
1.27, -0.6640625
1.28, -0.6640625
1.29, -0.4140625
1.3, 0.0
1.31, 0.4140625
1.32, 0.6640625
1.33, 0.6640625
1.34, 0.4140625
1.35, -0.0
1.36, -0.4140625
1.37, -0.6640625
1.38, -0.6640625
1.39, -0.4140625
1.4, -0.0
1.41, 0.4140625
1.42, 0.6640625
1.43, 0.6640625
1.44, 0.4140625
1.45, -0.0
1.46, -0.4140625
1.47, -0.6640625
1.48, -0.6640625
1.49, -0.4140625
1.5, -0.0
1.51, 0.4140625
1.52, 0.6640625
1.53, 0.6640625
1.54, 0.4140625
1.55, 0.0
1.56, -0.4140625
1.57, -0.6640625
1.58, -0.6640625
1.59, -0.4140625
1.6, -0.0
1.61, 0.4140625
1.62, 0.6640625
1.63, 0.6640625
1.64, 0.4140625
1.65, 0.0
1.66, -0.4140625
1.67, -0.6640625
1.68, -0.6640625
1.69, -0.4140625
1.7, -0.0
1.71, 0.4140625
1.72, 0.6640625
1.73, 0.6640625
1.74, 0.4140625
1.75, 0.0
1.76, -0.4140625
1.77, -0.6640625
1.78, -0.6640625
1.79, -0.4140625
1.8, -0.0
1.81, 0.4140625
1.82, 0.6640625
1.83, 0.6640625
1.84, 0.4140625
1.85, 0.0
1.86, -0.4140625
1.87, -0.6640625
1.88, -0.6640625
1.89, -0.4140625
1.9, -0.0
1.91, 0.4140625
1.92, 0.6640625
1.93, 0.6640625
1.94, 0.4140625
1.95, 0.0
1.96, -0.4140625
1.97, -0.6640625
1.98, -0.6640625
1.99, -0.4140625
2.0, -0.0
2.01, 0.4140625
2.02, 0.6640625
2.03, 0.6640625
2.04, 0.4140625
2.05, 0.0
2.06, -0.4140625
2.07, -0.6640625
2.08, -0.6640625
2.09, -0.4140625
2.1, 0.0
2.11, 0.4140625
2.12, 0.6640625
2.13, 0.6640625
2.14, 0.4140625
2.15, 0.0
2.16, -0.4140625
2.17, -0.6640625
2.18, -0.6640625
2.19, -0.4140625
2.2, 0.0
2.21, 0.4140625
2.22, 0.6640625
2.23, 0.6640625
2.24, 0.4140625
2.25, 0.0
2.26, -0.4140625
2.27, -0.6640625
2.28, -0.6640625
2.29, -0.4140625
2.3, -0.0
2.31, 0.4140625
2.32, 0.6640625
2.33, 0.6640625
2.34, 0.4140625
2.35, -0.0
2.36, -0.4140625
2.37, -0.6640625
2.38, -0.6640625
2.39, -0.4140625
2.4, -0.0
2.41, 0.4140625
2.42, 0.6640625
2.43, 0.6640625
2.44, 0.4140625
2.45, -0.0
2.46, -0.4140625
2.47, -0.6640625
2.48, -0.6640625
2.49, -0.4140625
2.5, 0.0
2.51, 0.4140625
2.52, 0.6640625
2.53, 0.6640625
2.54, 0.4140625
2.55, 0.0
2.56, -0.4140625
2.57, -0.6640625
2.58, -0.6640625
2.59, -0.4140625
2.6, 0.0
2.61, 0.4140625
2.62, 0.6640625
2.63, 0.6640625
2.64, 0.4140625
2.65, 0.0
2.66, -0.4140625
2.67, -0.6640625
2.68, -0.6640625
2.69, -0.4140625
2.7, 0.0
2.71, 0.4140625
2.72, 0.6640625
2.73, 0.6640625
2.74, 0.4140625
2.75, -0.0
2.76, -0.4140625
2.77, -0.6640625
2.78, -0.6640625
2.79, -0.4140625
2.8, -0.0
2.81, 0.4140625
2.82, 0.6640625
2.83, 0.6640625
2.84, 0.4140625
2.85, -0.0
2.86, -0.4140625
2.87, -0.6640625
2.88, -0.6640625
2.89, -0.4140625
2.9, 0.0
2.91, 0.4140625
2.92, 0.6640625
2.93, 0.6640625
2.94, 0.4140625
2.95, -0.0
2.96, -0.4140625
2.97, -0.6640625
2.98, -0.6640625
2.99, -0.4140625
3.0, -0.0
3.01, 0.4140625
3.02, 0.6640625
3.03, 0.6640625
3.04, 0.4140625
3.05, 0.0
3.06, -0.4140625
3.07, -0.6640625
3.08, -0.6640625
3.09, -0.4140625
3.1, -0.0
3.11, 0.4140625
3.12, 0.6640625
3.13, 0.6640625
3.14, 0.4140625
3.15, 0.0
3.16, -0.4140625
3.17, -0.6640625
3.18, -0.6640625
3.19, -0.4140625
3.2, -0.0
3.21, 0.4140625
3.22, 0.6640625
3.23, 0.6640625
3.24, 0.4140625
3.25, 0.0
3.26, -0.4140625
3.27, -0.6640625
3.28, -0.6640625
3.29, -0.4140625
3.3, -0.0
3.31, 0.4140625
3.32, 0.6640625
3.33, 0.6640625
3.34, 0.4140625
3.35, 0.0
3.36, -0.4140625
3.37, -0.6640625
3.38, -0.6640625
3.39, -0.4140625
3.4, -0.0
3.41, 0.4140625
3.42, 0.6640625
3.43, 0.6640625
3.44, 0.4140625
3.45, 0.0
3.46, -0.4140625
3.47, -0.6640625
3.48, -0.6640625
3.49, -0.4140625
3.5, -0.0
3.51, 0.4140625
3.52, 0.6640625
3.53, 0.6640625
3.54, 0.4140625
3.55, 0.0
3.56, -0.4140625
3.57, -0.6640625
3.58, -0.6640625
3.59, -0.4140625
3.6, -0.0
3.61, 0.4140625
3.62, 0.6640625
3.63, 0.6640625
3.64, 0.4140625
3.65, 0.0
3.66, -0.4140625
3.67, -0.6640625
3.68, -0.6640625
3.69, -0.4140625
3.7, -0.0
3.71, 0.4140625
3.72, 0.6640625
3.73, 0.6640625
3.74, 0.4140625
3.75, 0.0
3.76, -0.4140625
3.77, -0.6640625
3.78, -0.6640625
3.79, -0.4140625
3.8, -0.0
3.81, 0.4140625
3.82, 0.6640625
3.83, 0.6640625
3.84, 0.4140625
3.85, 0.0
3.86, -0.4140625
3.87, -0.6640625
3.88, -0.6640625
3.89, -0.4140625
3.9, -0.0
3.91, 0.4140625
3.92, 0.6640625
3.93, 0.6640625
3.94, 0.4140625
3.95, -0.0
3.96, -0.4140625
3.97, -0.6640625
3.98, -0.6640625
3.99, -0.4140625
4.0, -0.0
4.01, 0.4140625
4.02, 0.6640625
4.03, 0.6640625
4.04, 0.4140625
4.05, 0.0
4.06, -0.4140625
4.07, -0.6640625
4.08, -0.6640625
4.09, -0.4140625
4.1, -0.0
4.11, 0.4140625
4.12, 0.6640625
4.13, 0.6640625
4.14, 0.4140625
4.15, -0.0
4.16, -0.4140625
4.17, -0.6640625
4.18, -0.6640625
4.19, -0.4140625
4.2, 0.0
4.21, 0.4140625
4.22, 0.6640625
4.23, 0.6640625
4.24, 0.4140625
4.25, 0.0
4.26, -0.4140625
4.27, -0.6640625
4.28, -0.6640625
4.29, -0.4140625
4.3, -0.0
4.31, 0.4140625
4.32, 0.6640625
4.33, 0.6640625
4.34, 0.4140625
4.35, 0.0
4.36, -0.4140625
4.37, -0.6640625
4.38, -0.6640625
4.39, -0.4140625
4.4, 0.0
4.41, 0.4140625
4.42, 0.6640625
4.43, 0.6640625
4.44, 0.4140625
4.45, -0.0
4.46, -0.4140625
4.47, -0.6640625
4.48, -0.6640625
4.49, -0.4140625
4.5, -0.0
4.51, 0.4140625
4.52, 0.6640625
4.53, 0.6640625
4.54, 0.4140625
4.55, 0.0
4.56, -0.4140625
4.57, -0.6640625
4.58, -0.6640625
4.59, -0.4140625
4.6, -0.0
4.61, 0.4140625
4.62, 0.6640625
4.63, 0.6640625
4.64, 0.4140625
4.65, -0.0
4.66, -0.4140625
4.67, -0.6640625
4.68, -0.6640625
4.69, -0.4140625
4.7, 0.0
4.71, 0.4140625
4.72, 0.6640625
4.73, 0.6640625
4.74, 0.4140625
4.75, 0.0
4.76, -0.4140625
4.77, -0.6640625
4.78, -0.6640625
4.79, -0.4140625
4.8, -0.0
4.81, 0.4140625
4.82, 0.6640625
4.83, 0.6640625
4.84, 0.4140625
4.85, 0.0
4.86, -0.4140625
4.87, -0.6640625
4.88, -0.6640625
4.89, -0.4140625
4.9, 0.0
4.91, 0.4140625
4.92, 0.6640625
4.93, 0.6640625
4.94, 0.4140625
4.95, -0.0
4.96, -0.4140625
4.97, -0.6640625
4.98, -0.6640625
4.99, -0.4140625
5.0, 0.0
5.01, 0.4140625
5.02, 0.6640625
5.03, 0.6640625
5.04, 0.4140625
5.05, 0.0
5.06, -0.4140625
5.07, -0.6640625
5.08, -0.6640625
5.09, -0.4140625
5.1, -0.0
5.11, 0.4140625
5.12, 0.6640625
5.13, 0.6640625
5.14, 0.4140625
5.15, -0.0
5.16, -0.4140625
5.17, -0.6640625
5.18, -0.6640625
5.19, -0.4140625
5.2, 0.0
5.21, 0.4140625
5.22, 0.6640625
5.23, 0.6640625
5.24, 0.4140625
5.25, -0.0
5.26, -0.4140625
5.27, -0.6640625
5.28, -0.6640625
5.29, -0.4140625
5.3, -0.0
5.31, 0.4140625
5.32, 0.6640625
5.33, 0.6640625
5.34, 0.4140625
5.35, 0.0
5.36, -0.4140625
5.37, -0.6640625
5.38, -0.6640625
5.39, -0.4140625
5.4, 0.0
5.41, 0.4140625
5.42, 0.6640625
5.43, 0.6640625
5.44, 0.4140625
5.45, -0.0
5.46, -0.4140625
5.47, -0.6640625
5.48, -0.6640625
5.49, -0.4140625
5.5, 0.0
5.51, 0.4140625
5.52, 0.6640625
5.53, 0.6640625
5.54, 0.4140625
5.55, 0.0
5.56, -0.4140625
5.57, -0.6640625
5.58, -0.6640625
5.59, -0.4140625
5.6, -0.0
5.61, 0.4140625
5.62, 0.6640625
5.63, 0.6640625
5.64, 0.4140625
5.65, -0.0
5.66, -0.4140625
5.67, -0.6640625
5.68, -0.6640625
5.69, -0.4140625
5.7, 0.0
5.71, 0.4140625
5.72, 0.6640625
5.73, 0.6640625
5.74, 0.4140625
5.75, -0.0
5.76, -0.4140625
5.77, -0.6640625
5.78, -0.6640625
5.79, -0.4140625
5.8, 0.0
5.81, 0.4140625
5.82, 0.6640625
5.83, 0.6640625
5.84, 0.4140625
5.85, 0.0
5.86, -0.4140625
5.87, -0.6640625
5.88, -0.6640625
5.89, -0.4140625
5.9, 0.0
5.91, 0.4140625
5.92, 0.6640625
5.93, 0.6640625
5.94, 0.4140625
5.95, -0.0
5.96, -0.4140625
5.97, -0.6640625
5.98, -0.6640625
5.99, -0.4140625
6.0, -0.0
6.01, 0.4140625
6.02, 0.6640625
6.03, 0.6640625
6.04, 0.4140625
6.05, 0.0
6.06, -0.4140625
6.07, -0.6640625
6.08, -0.6640625
6.09, -0.4140625
6.1, -0.0
6.11, 0.4140625
6.12, 0.6640625
6.13, 0.6640625
6.14, 0.4140625
6.15, 0.0
6.16, -0.4140625
6.17, -0.6640625
6.18, -0.6640625
6.19, -0.4140625
6.2, -0.0
6.21, 0.4140625
6.22, 0.6640625
6.23, 0.6640625
6.24, 0.4140625
6.25, 0.0
6.26, -0.4140625
6.27, -0.6640625
6.28, -0.6640625
6.29, -0.4140625
6.3, -0.0
6.31, 0.4140625
6.32, 0.6640625
6.33, 0.6640625
6.34, 0.4140625
6.35, 0.0
6.36, -0.4140625
6.37, -0.6640625
6.38, -0.6640625
6.39, -0.4140625
6.4, -0.0
6.41, 0.4140625
6.42, 0.6640625
6.43, 0.6640625
6.44, 0.4140625
6.45, 0.0
6.46, -0.4140625
6.47, -0.6640625
6.48, -0.6640625
6.49, -0.4140625
6.5, -0.0
6.51, 0.4140625
6.52, 0.6640625
6.53, 0.6640625
6.54, 0.4140625
6.55, 0.0
6.56, -0.4140625
6.57, -0.6640625
6.58, -0.6640625
6.59, -0.4140625
6.6, -0.0
6.61, 0.4140625
6.62, 0.6640625
6.63, 0.6640625
6.64, 0.4140625
6.65, 0.0
6.66, -0.4140625
6.67, -0.6640625
6.68, -0.6640625
6.69, -0.4140625
6.7, -0.0
6.71, 0.4140625
6.72, 0.6640625
6.73, 0.6640625
6.74, 0.4140625
6.75, 0.0
6.76, -0.4140625
6.77, -0.6640625
6.78, -0.6640625
6.79, -0.4140625
6.8, -0.0
6.81, 0.4140625
6.82, 0.6640625
6.83, 0.6640625
6.84, 0.4140625
6.85, 0.0
6.86, -0.4140625
6.87, -0.6640625
6.88, -0.6640625
6.89, -0.4140625
6.9, -0.0
6.91, 0.4140625
6.92, 0.6640625
6.93, 0.6640625
6.94, 0.4140625
6.95, 0.0
6.96, -0.4140625
6.97, -0.6640625
6.98, -0.6640625
6.99, -0.4140625
7.0, -0.0
7.01, 0.4140625
7.02, 0.6640625
7.03, 0.6640625
7.04, 0.4140625
7.05, 0.0
7.06, -0.4140625
7.07, -0.6640625
7.08, -0.6640625
7.09, -0.4140625
7.1, -0.0
7.11, 0.4140625
7.12, 0.6640625
7.13, 0.6640625
7.14, 0.4140625
7.15, 0.0
7.16, -0.4140625
7.17, -0.6640625
7.18, -0.6640625
7.19, -0.4140625
7.2, -0.0
7.21, 0.4140625
7.22, 0.6640625
7.23, 0.6640625
7.24, 0.4140625
7.25, 0.0
7.26, -0.4140625
7.27, -0.6640625
7.28, -0.6640625
7.29, -0.4140625
7.3, -0.0
7.31, 0.4140625
7.32, 0.6640625
7.33, 0.6640625
7.34, 0.4140625
7.35, 0.0
7.36, -0.4140625
7.37, -0.6640625
7.38, -0.6640625
7.39, -0.4140625
7.4, -0.0
7.41, 0.4140625
7.42, 0.6640625
7.43, 0.6640625
7.44, 0.4140625
7.45, 0.0
7.46, -0.4140625
7.47, -0.6640625
7.48, -0.6640625
7.49, -0.4140625
7.5, -0.0
7.51, 0.4140625
7.52, 0.6640625
7.53, 0.6640625
7.54, 0.4140625
7.55, 0.0
7.56, -0.4140625
7.57, -0.6640625
7.58, -0.6640625
7.59, -0.4140625
7.6, -0.0
7.61, 0.4140625
7.62, 0.6640625
7.63, 0.6640625
7.64, 0.4140625
7.65, 0.0
7.66, -0.4140625
7.67, -0.6640625
7.68, -0.6640625
7.69, -0.4140625
7.7, -0.0
7.71, 0.4140625
7.72, 0.6640625
7.73, 0.6640625
7.74, 0.4140625
7.75, 0.0
7.76, -0.4140625
7.77, -0.6640625
7.78, -0.6640625
7.79, -0.4140625
7.8, -0.0
7.81, 0.4140625
7.82, 0.6640625
7.83, 0.6640625
7.84, 0.4140625
7.85, 0.0
7.86, -0.4140625
7.87, -0.6640625
7.88, -0.6640625
7.89, -0.4140625
7.9, 0.0
7.91, 0.4140625
7.92, 0.6640625
7.93, 0.6640625
7.94, 0.4140625
7.95, 0.0
7.96, -0.4140625
7.97, -0.6640625
7.98, -0.6640625
7.99, -0.4140625
8.0, -0.0
8.01, 0.4140625
8.02, 0.6640625
8.03, 0.6640625
8.04, 0.4140625
8.05, -0.0
8.06, -0.4140625
8.07, -0.6640625
8.08, -0.6640625
8.09, -0.4140625
8.1, -0.0
8.11, 0.4140625
8.12, 0.6640625
8.13, 0.6640625
8.14, 0.4140625
8.15, 0.0
8.16, -0.4140625
8.17, -0.6640625
8.18, -0.6640625
8.19, -0.4140625
8.2, -0.0
8.21, 0.4140625
8.22, 0.6640625
8.23, 0.6640625
8.24, 0.4140625
8.25, 0.0
8.26, -0.4140625
8.27, -0.6640625
8.28, -0.6640625
8.29, -0.4140625
8.3, 0.0
8.31, 0.4140625
8.32, 0.6640625
8.33, 0.6640625
8.34, 0.4140625
8.35, 0.0
8.36, -0.4140625
8.37, -0.6640625
8.38, -0.6640625
8.39, -0.4140625
8.4, 0.0
8.41, 0.4140625
8.42, 0.6640625
8.43, 0.6640625
8.44, 0.4140625
8.45, 0.0
8.46, -0.4140625
8.47, -0.6640625
8.48, -0.6640625
8.49, -0.4140625
8.5, -0.0
8.51, 0.4140625
8.52, 0.6640625
8.53, 0.6640625
8.54, 0.4140625
8.55, 0.0
8.56, -0.4140625
8.57, -0.6640625
8.58, -0.6640625
8.59, -0.4140625
8.6, -0.0
8.61, 0.4140625
8.62, 0.6640625
8.63, 0.6640625
8.64, 0.4140625
8.65, 0.0
8.66, -0.4140625
8.67, -0.6640625
8.68, -0.6640625
8.69, -0.4140625
8.7, -0.0
8.71, 0.4140625
8.72, 0.6640625
8.73, 0.6640625
8.74, 0.4140625
8.75, 0.0
8.76, -0.4140625
8.77, -0.6640625
8.78, -0.6640625
8.79, -0.4140625
8.8, 0.0
8.81, 0.4140625
8.82, 0.6640625
8.83, 0.6640625
8.84, 0.4140625
8.85, 0.0
8.86, -0.4140625
8.87, -0.6640625
8.88, -0.6640625
8.89, -0.4140625
8.9, 0.0
8.91, 0.4140625
8.92, 0.6640625
8.93, 0.6640625
8.94, 0.4140625
8.95, 0.0
8.96, -0.4140625
8.97, -0.6640625
8.98, -0.6640625
8.99, -0.4140625
9.0, -0.0
9.01, 0.4140625
9.02, 0.6640625
9.03, 0.6640625
9.04, 0.4140625
9.05, 0.0
9.06, -0.4140625
9.07, -0.6640625
9.08, -0.6640625
9.09, -0.4140625
9.1, -0.0
9.11, 0.4140625
9.12, 0.6640625
9.13, 0.6640625
9.14, 0.4140625
9.15, 0.0
9.16, -0.4140625
9.17, -0.6640625
9.18, -0.6640625
9.19, -0.4140625
9.2, -0.0
9.21, 0.4140625
9.22, 0.6640625
9.23, 0.6640625
9.24, 0.4140625
9.25, 0.0
9.26, -0.4140625
9.27, -0.6640625
9.28, -0.6640625
9.29, -0.4140625
9.3, 0.0
9.31, 0.4140625
9.32, 0.6640625
9.33, 0.6640625
9.34, 0.4140625
9.35, 0.0
9.36, -0.4140625
9.37, -0.6640625
9.38, -0.6640625
9.39, -0.4140625
9.4, 0.0
9.41, 0.4140625
9.42, 0.6640625
9.43, 0.6640625
9.44, 0.4140625
9.45, 0.0
9.46, -0.4140625
9.47, -0.6640625
9.48, -0.6640625
9.49, -0.4140625
9.5, -0.0
9.51, 0.4140625
9.52, 0.6640625
9.53, 0.6640625
9.54, 0.4140625
9.55, 0.0
9.56, -0.4140625
9.57, -0.6640625
9.58, -0.6640625
9.59, -0.4140625
9.6, -0.0
9.61, 0.4140625
9.62, 0.6640625
9.63, 0.6640625
9.64, 0.4140625
9.65, 0.0
9.66, -0.4140625
9.67, -0.6640625
9.68, -0.6640625
9.69, -0.4140625
9.7, -0.0
9.71, 0.4140625
9.72, 0.6640625
9.73, 0.6640625
9.74, 0.4140625
9.75, 0.0
9.76, -0.4140625
9.77, -0.6640625
9.78, -0.6640625
9.79, -0.4140625
9.8, 0.0
9.81, 0.4140625
9.82, 0.6640625
9.83, 0.6640625
9.84, 0.4140625
9.85, 0.0
9.86, -0.4140625
9.87, -0.6640625
9.88, -0.6640625
9.89, -0.4140625
9.9, 0.0
9.91, 0.4140625
9.92, 0.6640625
9.93, 0.6640625
9.94, 0.4140625
9.95, 0.0
9.96, -0.4140625
9.97, -0.6640625
9.98, -0.6640625
9.99, -0.4140625
