0.0, 0.5
0.01, 0.9140625
0.02, 0.9921875
0.03, 0.9921875
0.04, 0.9140625
0.05, 0.5
0.06, 0.0859375
0.07, -0.1640625
0.08, -0.1640625
0.09, 0.0859375
0.1, 0.5
0.11, 0.9140625
0.12, 0.9921875
0.13, 0.9921875
0.14, 0.9140625
0.15, 0.5
0.16, 0.0859375
0.17, -0.1640625
0.18, -0.1640625
0.19, 0.0859375
0.2, 0.5
0.21, 0.9140625
0.22, 0.9921875
0.23, 0.9921875
0.24, 0.9140625
0.25, 0.5
0.26, 0.0859375
0.27, -0.1640625
0.28, -0.1640625
0.29, 0.0859375
0.3, 0.5
0.31, 0.9140625
0.32, 0.9921875
0.33, 0.9921875
0.34, 0.9140625
0.35, 0.5
0.36, 0.0859375
0.37, -0.1640625
0.38, -0.1640625
0.39, 0.0859375
0.4, 0.5
0.41, 0.9140625
0.42, 0.9921875
0.43, 0.9921875
0.44, 0.9140625
0.45, 0.5
0.46, 0.0859375
0.47, -0.1640625
0.48, -0.1640625
0.49, 0.0859375
0.5, 0.5
0.51, 0.9140625
0.52, 0.9921875
0.53, 0.9921875
0.54, 0.9140625
0.55, 0.5
0.56, 0.0859375
0.57, -0.1640625
0.58, -0.1640625
0.59, 0.0859375
0.6, 0.5
0.61, 0.9140625
0.62, 0.9921875
0.63, 0.9921875
0.64, 0.9140625
0.65, 0.5
0.66, 0.0859375
0.67, -0.1640625
0.68, -0.1640625
0.69, 0.0859375
0.7, 0.5
0.71, 0.9140625
0.72, 0.9921875
0.73, 0.9921875
0.74, 0.9140625
0.75, 0.5
0.76, 0.0859375
0.77, -0.1640625
0.78, -0.1640625
0.79, 0.0859375
0.8, 0.5
0.81, 0.9140625
0.82, 0.9921875
0.83, 0.9921875
0.84, 0.9140625
0.85, 0.5
0.86, 0.0859375
0.87, -0.1640625
0.88, -0.1640625
0.89, 0.0859375
0.9, 0.5
0.91, 0.9140625
0.92, 0.9921875
0.93, 0.9921875
0.94, 0.9140625
0.95, 0.5
0.96, 0.0859375
0.97, -0.1640625
0.98, -0.1640625
0.99, 0.0859375
1.0, 0.5
1.01, 0.9140625
1.02, 0.9921875
1.03, 0.9921875
1.04, 0.9140625
1.05, 0.5
1.06, 0.0859375
1.07, -0.1640625
1.08, -0.1640625
1.09, 0.0859375
1.1, 0.5
1.11, 0.9140625
1.12, 0.9921875
1.13, 0.9921875
1.14, 0.9140625
1.15, 0.5
1.16, 0.0859375
1.17, -0.1640625
1.18, -0.1640625
1.19, 0.0859375
1.2, 0.5
1.21, 0.9140625
1.22, 0.9921875
1.23, 0.9921875
1.24, 0.9140625
1.25, 0.5
1.26, 0.0859375
1.27, -0.1640625
1.28, -0.1640625
1.29, 0.0859375
1.3, 0.5
1.31, 0.9140625
1.32, 0.9921875
1.33, 0.9921875
1.34, 0.9140625
1.35, 0.5
1.36, 0.0859375
1.37, -0.1640625
1.38, -0.1640625
1.39, 0.0859375
1.4, 0.5
1.41, 0.9140625
1.42, 0.9921875
1.43, 0.9921875
1.44, 0.9140625
1.45, 0.5
1.46, 0.0859375
1.47, -0.1640625
1.48, -0.1640625
1.49, 0.0859375
1.5, 0.5
1.51, 0.9140625
1.52, 0.9921875
1.53, 0.9921875
1.54, 0.9140625
1.55, 0.5
1.56, 0.0859375
1.57, -0.1640625
1.58, -0.1640625
1.59, 0.0859375
1.6, 0.5
1.61, 0.9140625
1.62, 0.9921875
1.63, 0.9921875
1.64, 0.9140625
1.65, 0.5
1.66, 0.0859375
1.67, -0.1640625
1.68, -0.1640625
1.69, 0.0859375
1.7, 0.5
1.71, 0.9140625
1.72, 0.9921875
1.73, 0.9921875
1.74, 0.9140625
1.75, 0.5
1.76, 0.0859375
1.77, -0.1640625
1.78, -0.1640625
1.79, 0.0859375
1.8, 0.5
1.81, 0.9140625
1.82, 0.9921875
1.83, 0.9921875
1.84, 0.9140625
1.85, 0.5
1.86, 0.0859375
1.87, -0.1640625
1.88, -0.1640625
1.89, 0.0859375
1.9, 0.5
1.91, 0.9140625
1.92, 0.9921875
1.93, 0.9921875
1.94, 0.9140625
1.95, 0.5
1.96, 0.0859375
1.97, -0.1640625
1.98, -0.1640625
1.99, 0.0859375
2.0, 0.5
2.01, 0.9140625
2.02, 0.9921875
2.03, 0.9921875
2.04, 0.9140625
2.05, 0.5
2.06, 0.0859375
2.07, -0.1640625
2.08, -0.1640625
2.09, 0.0859375
2.1, 0.5
2.11, 0.9140625
2.12, 0.9921875
2.13, 0.9921875
2.14, 0.9140625
2.15, 0.5
2.16, 0.0859375
2.17, -0.1640625
2.18, -0.1640625
2.19, 0.0859375
2.2, 0.5
2.21, 0.9140625
2.22, 0.9921875
2.23, 0.9921875
2.24, 0.9140625
2.25, 0.5
2.26, 0.0859375
2.27, -0.1640625
2.28, -0.1640625
2.29, 0.0859375
2.3, 0.5
2.31, 0.9140625
2.32, 0.9921875
2.33, 0.9921875
2.34, 0.9140625
2.35, 0.5
2.36, 0.0859375
2.37, -0.1640625
2.38, -0.1640625
2.39, 0.0859375
2.4, 0.5
2.41, 0.9140625
2.42, 0.9921875
2.43, 0.9921875
2.44, 0.9140625
2.45, 0.5
2.46, 0.0859375
2.47, -0.1640625
2.48, -0.1640625
2.49, 0.0859375
2.5, 0.5
2.51, 0.9140625
2.52, 0.9921875
2.53, 0.9921875
2.54, 0.9140625
2.55, 0.5
2.56, 0.0859375
2.57, -0.1640625
2.58, -0.1640625
2.59, 0.0859375
2.6, 0.5
2.61, 0.9140625
2.62, 0.9921875
2.63, 0.9921875
2.64, 0.9140625
2.65, 0.5
2.66, 0.0859375
2.67, -0.1640625
2.68, -0.1640625
2.69, 0.0859375
2.7, 0.5
2.71, 0.9140625
2.72, 0.9921875
2.73, 0.9921875
2.74, 0.9140625
2.75, 0.5
2.76, 0.0859375
2.77, -0.1640625
2.78, -0.1640625
2.79, 0.0859375
2.8, 0.5
2.81, 0.9140625
2.82, 0.9921875
2.83, 0.9921875
2.84, 0.9140625
2.85, 0.5
2.86, 0.0859375
2.87, -0.1640625
2.88, -0.1640625
2.89, 0.0859375
2.9, 0.5
2.91, 0.9140625
2.92, 0.9921875
2.93, 0.9921875
2.94, 0.9140625
2.95, 0.5
2.96, 0.0859375
2.97, -0.1640625
2.98, -0.1640625
2.99, 0.0859375
3.0, 0.5
3.01, 0.9140625
3.02, 0.9921875
3.03, 0.9921875
3.04, 0.9140625
3.05, 0.5
3.06, 0.0859375
3.07, -0.1640625
3.08, -0.1640625
3.09, 0.0859375
3.1, 0.5
3.11, 0.9140625
3.12, 0.9921875
3.13, 0.9921875
3.14, 0.9140625
3.15, 0.5
3.16, 0.0859375
3.17, -0.1640625
3.18, -0.1640625
3.19, 0.0859375
3.2, 0.5
3.21, 0.9140625
3.22, 0.9921875
3.23, 0.9921875
3.24, 0.9140625
3.25, 0.5
3.26, 0.0859375
3.27, -0.1640625
3.28, -0.1640625
3.29, 0.0859375
3.3, 0.5
3.31, 0.9140625
3.32, 0.9921875
3.33, 0.9921875
3.34, 0.9140625
3.35, 0.5
3.36, 0.0859375
3.37, -0.1640625
3.38, -0.1640625
3.39, 0.0859375
3.4, 0.5
3.41, 0.9140625
3.42, 0.9921875
3.43, 0.9921875
3.44, 0.9140625
3.45, 0.5
3.46, 0.0859375
3.47, -0.1640625
3.48, -0.1640625
3.49, 0.0859375
3.5, 0.5
3.51, 0.9140625
3.52, 0.9921875
3.53, 0.9921875
3.54, 0.9140625
3.55, 0.5
3.56, 0.0859375
3.57, -0.1640625
3.58, -0.1640625
3.59, 0.0859375
3.6, 0.5
3.61, 0.9140625
3.62, 0.9921875
3.63, 0.9921875
3.64, 0.9140625
3.65, 0.5
3.66, 0.0859375
3.67, -0.1640625
3.68, -0.1640625
3.69, 0.0859375
3.7, 0.5
3.71, 0.9140625
3.72, 0.9921875
3.73, 0.9921875
3.74, 0.9140625
3.75, 0.5
3.76, 0.0859375
3.77, -0.1640625
3.78, -0.1640625
3.79, 0.0859375
3.8, 0.5
3.81, 0.9140625
3.82, 0.9921875
3.83, 0.9921875
3.84, 0.9140625
3.85, 0.5
3.86, 0.0859375
3.87, -0.1640625
3.88, -0.1640625
3.89, 0.0859375
3.9, 0.5
3.91, 0.9140625
3.92, 0.9921875
3.93, 0.9921875
3.94, 0.9140625
3.95, 0.5
3.96, 0.0859375
3.97, -0.1640625
3.98, -0.1640625
3.99, 0.0859375
4.0, 0.5
4.01, 0.9140625
4.02, 0.9921875
4.03, 0.9921875
4.04, 0.9140625
4.05, 0.5
4.06, 0.0859375
4.07, -0.1640625
4.08, -0.1640625
4.09, 0.0859375
4.1, 0.5
4.11, 0.9140625
4.12, 0.9921875
4.13, 0.9921875
4.14, 0.9140625
4.15, 0.5
4.16, 0.0859375
4.17, -0.1640625
4.18, -0.1640625
4.19, 0.0859375
4.2, 0.5
4.21, 0.9140625
4.22, 0.9921875
4.23, 0.9921875
4.24, 0.9140625
4.25, 0.5
4.26, 0.0859375
4.27, -0.1640625
4.28, -0.1640625
4.29, 0.0859375
4.3, 0.5
4.31, 0.9140625
4.32, 0.9921875
4.33, 0.9921875
4.34, 0.9140625
4.35, 0.5
4.36, 0.0859375
4.37, -0.1640625
4.38, -0.1640625
4.39, 0.0859375
4.4, 0.5
4.41, 0.9140625
4.42, 0.9921875
4.43, 0.9921875
4.44, 0.9140625
4.45, 0.5
4.46, 0.0859375
4.47, -0.1640625
4.48, -0.1640625
4.49, 0.0859375
4.5, 0.5
4.51, 0.9140625
4.52, 0.9921875
4.53, 0.9921875
4.54, 0.9140625
4.55, 0.5
4.56, 0.0859375
4.57, -0.1640625
4.58, -0.1640625
4.59, 0.0859375
4.6, 0.5
4.61, 0.9140625
4.62, 0.9921875
4.63, 0.9921875
4.64, 0.9140625
4.65, 0.5
4.66, 0.0859375
4.67, -0.1640625
4.68, -0.1640625
4.69, 0.0859375
4.7, 0.5
4.71, 0.9140625
4.72, 0.9921875
4.73, 0.9921875
4.74, 0.9140625
4.75, 0.5
4.76, 0.0859375
4.77, -0.1640625
4.78, -0.1640625
4.79, 0.0859375
4.8, 0.5
4.81, 0.9140625
4.82, 0.9921875
4.83, 0.9921875
4.84, 0.9140625
4.85, 0.5
4.86, 0.0859375
4.87, -0.1640625
4.88, -0.1640625
4.89, 0.0859375
4.9, 0.5
4.91, 0.9140625
4.92, 0.9921875
4.93, 0.9921875
4.94, 0.9140625
4.95, 0.5
4.96, 0.0859375
4.97, -0.1640625
4.98, -0.1640625
4.99, 0.0859375
5.0, 0.5
5.01, 0.9140625
5.02, 0.9921875
5.03, 0.9921875
5.04, 0.9140625
5.05, 0.5
5.06, 0.0859375
5.07, -0.1640625
5.08, -0.1640625
5.09, 0.0859375
5.1, 0.5
5.11, 0.9140625
5.12, 0.9921875
5.13, 0.9921875
5.14, 0.9140625
5.15, 0.5
5.16, 0.0859375
5.17, -0.1640625
5.18, -0.1640625
5.19, 0.0859375
5.2, 0.5
5.21, 0.9140625
5.22, 0.9921875
5.23, 0.9921875
5.24, 0.9140625
5.25, 0.5
5.26, 0.0859375
5.27, -0.1640625
5.28, -0.1640625
5.29, 0.0859375
5.3, 0.5
5.31, 0.9140625
5.32, 0.9921875
5.33, 0.9921875
5.34, 0.9140625
5.35, 0.5
5.36, 0.0859375
5.37, -0.1640625
5.38, -0.1640625
5.39, 0.0859375
5.4, 0.5
5.41, 0.9140625
5.42, 0.9921875
5.43, 0.9921875
5.44, 0.9140625
5.45, 0.5
5.46, 0.0859375
5.47, -0.1640625
5.48, -0.1640625
5.49, 0.0859375
5.5, 0.5
5.51, 0.9140625
5.52, 0.9921875
5.53, 0.9921875
5.54, 0.9140625
5.55, 0.5
5.56, 0.0859375
5.57, -0.1640625
5.58, -0.1640625
5.59, 0.0859375
5.6, 0.5
5.61, 0.9140625
5.62, 0.9921875
5.63, 0.9921875
5.64, 0.9140625
5.65, 0.5
5.66, 0.0859375
5.67, -0.1640625
5.68, -0.1640625
5.69, 0.0859375
5.7, 0.5
5.71, 0.9140625
5.72, 0.9921875
5.73, 0.9921875
5.74, 0.9140625
5.75, 0.5
5.76, 0.0859375
5.77, -0.1640625
5.78, -0.1640625
5.79, 0.0859375
5.8, 0.5
5.81, 0.9140625
5.82, 0.9921875
5.83, 0.9921875
5.84, 0.9140625
5.85, 0.5
5.86, 0.0859375
5.87, -0.1640625
5.88, -0.1640625
5.89, 0.0859375
5.9, 0.5
5.91, 0.9140625
5.92, 0.9921875
5.93, 0.9921875
5.94, 0.9140625
5.95, 0.5
5.96, 0.0859375
5.97, -0.1640625
5.98, -0.1640625
5.99, 0.0859375
6.0, 0.5
6.01, 0.9140625
6.02, 0.9921875
6.03, 0.9921875
6.04, 0.9140625
6.05, 0.5
6.06, 0.0859375
6.07, -0.1640625
6.08, -0.1640625
6.09, 0.0859375
6.1, 0.5
6.11, 0.9140625
6.12, 0.9921875
6.13, 0.9921875
6.14, 0.9140625
6.15, 0.5
6.16, 0.0859375
6.17, -0.1640625
6.18, -0.1640625
6.19, 0.0859375
6.2, 0.5
6.21, 0.9140625
6.22, 0.9921875
6.23, 0.9921875
6.24, 0.9140625
6.25, 0.5
6.26, 0.0859375
6.27, -0.1640625
6.28, -0.1640625
6.29, 0.0859375
6.3, 0.5
6.31, 0.9140625
6.32, 0.9921875
6.33, 0.9921875
6.34, 0.9140625
6.35, 0.5
6.36, 0.0859375
6.37, -0.1640625
6.38, -0.1640625
6.39, 0.0859375
6.4, 0.5
6.41, 0.9140625
6.42, 0.9921875
6.43, 0.9921875
6.44, 0.9140625
6.45, 0.5
6.46, 0.0859375
6.47, -0.1640625
6.48, -0.1640625
6.49, 0.0859375
6.5, 0.5
6.51, 0.9140625
6.52, 0.9921875
6.53, 0.9921875
6.54, 0.9140625
6.55, 0.5
6.56, 0.0859375
6.57, -0.1640625
6.58, -0.1640625
6.59, 0.0859375
6.6, 0.5
6.61, 0.9140625
6.62, 0.9921875
6.63, 0.9921875
6.64, 0.9140625
6.65, 0.5
6.66, 0.0859375
6.67, -0.1640625
6.68, -0.1640625
6.69, 0.0859375
6.7, 0.5
6.71, 0.9140625
6.72, 0.9921875
6.73, 0.9921875
6.74, 0.9140625
6.75, 0.5
6.76, 0.0859375
6.77, -0.1640625
6.78, -0.1640625
6.79, 0.0859375
6.8, 0.5
6.81, 0.9140625
6.82, 0.9921875
6.83, 0.9921875
6.84, 0.9140625
6.85, 0.5
6.86, 0.0859375
6.87, -0.1640625
6.88, -0.1640625
6.89, 0.0859375
6.9, 0.5
6.91, 0.9140625
6.92, 0.9921875
6.93, 0.9921875
6.94, 0.9140625
6.95, 0.5
6.96, 0.0859375
6.97, -0.1640625
6.98, -0.1640625
6.99, 0.0859375
7.0, 0.5
7.01, 0.9140625
7.02, 0.9921875
7.03, 0.9921875
7.04, 0.9140625
7.05, 0.5
7.06, 0.0859375
7.07, -0.1640625
7.08, -0.1640625
7.09, 0.0859375
7.1, 0.5
7.11, 0.9140625
7.12, 0.9921875
7.13, 0.9921875
7.14, 0.9140625
7.15, 0.5
7.16, 0.0859375
7.17, -0.1640625
7.18, -0.1640625
7.19, 0.0859375
7.2, 0.5
7.21, 0.9140625
7.22, 0.9921875
7.23, 0.9921875
7.24, 0.9140625
7.25, 0.5
7.26, 0.0859375
7.27, -0.1640625
7.28, -0.1640625
7.29, 0.0859375
7.3, 0.5
7.31, 0.9140625
7.32, 0.9921875
7.33, 0.9921875
7.34, 0.9140625
7.35, 0.5
7.36, 0.0859375
7.37, -0.1640625
7.38, -0.1640625
7.39, 0.0859375
7.4, 0.5
7.41, 0.9140625
7.42, 0.9921875
7.43, 0.9921875
7.44, 0.9140625
7.45, 0.5
7.46, 0.0859375
7.47, -0.1640625
7.48, -0.1640625
7.49, 0.0859375
7.5, 0.5
7.51, 0.9140625
7.52, 0.9921875
7.53, 0.9921875
7.54, 0.9140625
7.55, 0.5
7.56, 0.0859375
7.57, -0.1640625
7.58, -0.1640625
7.59, 0.0859375
7.6, 0.5
7.61, 0.9140625
7.62, 0.9921875
7.63, 0.9921875
7.64, 0.9140625
7.65, 0.5
7.66, 0.0859375
7.67, -0.1640625
7.68, -0.1640625
7.69, 0.0859375
7.7, 0.5
7.71, 0.9140625
7.72, 0.9921875
7.73, 0.9921875
7.74, 0.9140625
7.75, 0.5
7.76, 0.0859375
7.77, -0.1640625
7.78, -0.1640625
7.79, 0.0859375
7.8, 0.5
7.81, 0.9140625
7.82, 0.9921875
7.83, 0.9921875
7.84, 0.9140625
7.85, 0.5
7.86, 0.0859375
7.87, -0.1640625
7.88, -0.1640625
7.89, 0.0859375
7.9, 0.5
7.91, 0.9140625
7.92, 0.9921875
7.93, 0.9921875
7.94, 0.9140625
7.95, 0.5
7.96, 0.0859375
7.97, -0.1640625
7.98, -0.1640625
7.99, 0.0859375
8.0, 0.5
8.01, 0.9140625
8.02, 0.9921875
8.03, 0.9921875
8.04, 0.9140625
8.05, 0.5
8.06, 0.0859375
8.07, -0.1640625
8.08, -0.1640625
8.09, 0.0859375
8.1, 0.5
8.11, 0.9140625
8.12, 0.9921875
8.13, 0.9921875
8.14, 0.9140625
8.15, 0.5
8.16, 0.0859375
8.17, -0.1640625
8.18, -0.1640625
8.19, 0.0859375
8.2, 0.5
8.21, 0.9140625
8.22, 0.9921875
8.23, 0.9921875
8.24, 0.9140625
8.25, 0.5
8.26, 0.0859375
8.27, -0.1640625
8.28, -0.1640625
8.29, 0.0859375
8.3, 0.5
8.31, 0.9140625
8.32, 0.9921875
8.33, 0.9921875
8.34, 0.9140625
8.35, 0.5
8.36, 0.0859375
8.37, -0.1640625
8.38, -0.1640625
8.39, 0.0859375
8.4, 0.5
8.41, 0.9140625
8.42, 0.9921875
8.43, 0.9921875
8.44, 0.9140625
8.45, 0.5
8.46, 0.0859375
8.47, -0.1640625
8.48, -0.1640625
8.49, 0.0859375
8.5, 0.5
8.51, 0.9140625
8.52, 0.9921875
8.53, 0.9921875
8.54, 0.9140625
8.55, 0.5
8.56, 0.0859375
8.57, -0.1640625
8.58, -0.1640625
8.59, 0.0859375
8.6, 0.5
8.61, 0.9140625
8.62, 0.9921875
8.63, 0.9921875
8.64, 0.9140625
8.65, 0.5
8.66, 0.0859375
8.67, -0.1640625
8.68, -0.1640625
8.69, 0.0859375
8.7, 0.5
8.71, 0.9140625
8.72, 0.9921875
8.73, 0.9921875
8.74, 0.9140625
8.75, 0.5
8.76, 0.0859375
8.77, -0.1640625
8.78, -0.1640625
8.79, 0.0859375
8.8, 0.5
8.81, 0.9140625
8.82, 0.9921875
8.83, 0.9921875
8.84, 0.9140625
8.85, 0.5
8.86, 0.0859375
8.87, -0.1640625
8.88, -0.1640625
8.89, 0.0859375
8.9, 0.5
8.91, 0.9140625
8.92, 0.9921875
8.93, 0.9921875
8.94, 0.9140625
8.95, 0.5
8.96, 0.0859375
8.97, -0.1640625
8.98, -0.1640625
8.99, 0.0859375
9.0, 0.5
9.01, 0.9140625
9.02, 0.9921875
9.03, 0.9921875
9.04, 0.9140625
9.05, 0.5
9.06, 0.0859375
9.07, -0.1640625
9.08, -0.1640625
9.09, 0.0859375
9.1, 0.5
9.11, 0.9140625
9.12, 0.9921875
9.13, 0.9921875
9.14, 0.9140625
9.15, 0.5
9.16, 0.0859375
9.17, -0.1640625
9.18, -0.1640625
9.19, 0.0859375
9.2, 0.5
9.21, 0.9140625
9.22, 0.9921875
9.23, 0.9921875
9.24, 0.9140625
9.25, 0.5
9.26, 0.0859375
9.27, -0.1640625
9.28, -0.1640625
9.29, 0.0859375
9.3, 0.5
9.31, 0.9140625
9.32, 0.9921875
9.33, 0.9921875
9.34, 0.9140625
9.35, 0.5
9.36, 0.0859375
9.37, -0.1640625
9.38, -0.1640625
9.39, 0.0859375
9.4, 0.5
9.41, 0.9140625
9.42, 0.9921875
9.43, 0.9921875
9.44, 0.9140625
9.45, 0.5
9.46, 0.0859375
9.47, -0.1640625
9.48, -0.1640625
9.49, 0.0859375
9.5, 0.5
9.51, 0.9140625
9.52, 0.9921875
9.53, 0.9921875
9.54, 0.9140625
9.55, 0.5
9.56, 0.0859375
9.57, -0.1640625
9.58, -0.1640625
9.59, 0.0859375
9.6, 0.5
9.61, 0.9140625
9.62, 0.9921875
9.63, 0.9921875
9.64, 0.9140625
9.65, 0.5
9.66, 0.0859375
9.67, -0.1640625
9.68, -0.1640625
9.69, 0.0859375
9.7, 0.5
9.71, 0.9140625
9.72, 0.9921875
9.73, 0.9921875
9.74, 0.9140625
9.75, 0.5
9.76, 0.0859375
9.77, -0.1640625
9.78, -0.1640625
9.79, 0.0859375
9.8, 0.5
9.81, 0.9140625
9.82, 0.9921875
9.83, 0.9921875
9.84, 0.9140625
9.85, 0.5
9.86, 0.0859375
9.87, -0.1640625
9.88, -0.1640625
9.89, 0.0859375
9.9, 0.5
9.91, 0.9140625
9.92, 0.9921875
9.93, 0.9921875
9.94, 0.9140625
9.95, 0.5
9.96, 0.0859375
9.97, -0.1640625
9.98, -0.1640625
9.99, 0.0859375
