0, 0.0, 0.0, 0.0, 0.0, 0.0, 0.0, -308.0
1, 0.5, -1.7763568394002505e-15, 7.771561172376096e-16, 3.8778423131653424e-17, 7.518830502887767e-34, 1.5037661005775534e-33, -331.2384970537124
2, 1.0, -1.9984014443252818e-15, -2.6367796834847468e-15, 6.617013051798913e-17, 2.1892430863838585e-33, 4.378486172767717e-33, -326.5970601311741
3, 1.5, 3.3306690738754696e-16, 1.790234627208065e-15, 3.6419080632281224e-17, 6.631747170503007e-34, 1.3263494341006014e-33, -331.7837203923529
4, 2.0, 7.66053886991358e-15, -3.885780586188048e-15, 1.717942333624185e-16, 1.4756629308290553e-32, 2.9513258616581105e-32, -318.31012832213855
5, 2.5, -3.4416913763379853e-15, 1.887379141862766e-15, 7.850462293418876e-17, 3.081487911019578e-33, 6.162975822039156e-33, -325.1123953170997
6, 3.0, -7.882583474838611e-15, 3.3584246494910985e-15, 1.713641016830633e-16, 1.468282767282163e-32, 2.936565534564326e-32, -318.3319029834059
7, 3.5, 4.440892098500626e-15, 2.3314683517128287e-15, 1.0031404150080653e-16, 5.031453461112767e-33, 1.0062906922225533e-32, -322.98306540001954
8, 4.0, 1.6653345369377348e-15, -3.219646771412954e-15, 7.249679841920601e-17, 2.6278928905174956e-33, 5.255785781034991e-33, -325.8039234002747
9, 4.5, 7.105427357601002e-15, -2.220446049250313e-15, 1.4888583356622763e-16, 1.1083495718355217e-32, 2.2166991436710434e-32, -319.5532324215702
10, 5.0, 5.440092820663267e-15, -8.326672684688674e-16, 1.100689687012855e-16, 6.057588935482284e-33, 1.2115177870964568e-32, -322.17700200978214
11, 5.5, 9.547918011776346e-15, -1.8318679906315083e-15, 1.9444122885304292e-16, 1.8903695738940704e-32, 3.780739147788141e-32, -317.23453281428715
12, 6.0, -9.159339953157541e-15, 1.887379141862766e-14, 4.1957764997262247e-16, 8.802270217827425e-32, 1.760454043565485e-31, -310.554053033134
13, 6.5, -2.55351295663786e-15, 5.440092820663267e-15, 1.2019157760367313e-16, 7.22300766342989e-33, 1.444601532685978e-32, -321.41281924363915
14, 7.0, -2.6645352591003757e-14, -1.6653345369377348e-15, 5.339468714465245e-16, 1.4254963076376566e-31, 2.8509926152753133e-31, -308.4603390327537
15, 7.5, 3.9968028886505635e-15, -2.886579864025407e-15, 9.860380650283724e-17, 4.8613553284244835e-33, 9.722710656848967e-33, -323.13242634112834
16, 8.0, 2.4980018054066022e-15, 1.509903313490213e-14, 3.06085487815863e-16, 4.6844162925737407e-32, 9.368832585147481e-32, -313.29344517200434
17, 8.5, -1.2601031329495527e-14, 2.5868196473766147e-14, 5.754822601513604e-16, 1.6558991587445906e-31, 3.311798317489181e-31, -307.80966114492117
18, 9.0, 1.9595436384634013e-14, -3.3306690738754696e-15, 3.9752961327876387e-16, 7.901489671678178e-32, 1.5802979343356355e-31, -311.02291023241156
19, 9.5, 1.1185496973098452e-14, 7.882583474838611e-15, 2.7367898331658086e-16, 3.7450092954598673e-32, 7.490018590919735e-32, -314.2654710000406
20, 10.0, 4.0772940579358874e-14, -34.99763195518411, 0.6999526391036822, 0.2449668484941048, 0.4899336969882096, -6.108926849834074
21, 10.5, 1.1518563880485999e-14, -4.884981308350689e-15, 2.5023217718892367e-16, 3.1308071250354446e-32, 6.261614250070889e-32, -315.04343686491336
22, 11.0, -2.3966939544095567e-14, 1.9761969838327786e-14, 6.212727719774331e-16, 1.929899286002618e-31, 3.859798572005236e-31, -307.1446535455419
23, 11.5, -2.2801205368239152e-14, -5.551115123125783e-16, 4.561592331788187e-16, 1.0404062300714395e-31, 2.080812460142879e-31, -309.82797055863375
24, 12.0, -3.415323579503138e-14, 2.6201263381153694e-14, 8.609180490707807e-16, 3.7058994360791958e-31, 7.4117988721583915e-31, -304.3110636994655
25, 12.5, -1.123111302158157e-15, 4.884981308350689e-15, 1.0024853391440892e-16, 5.024884275994198e-33, 1.0049768551988396e-32, -322.98873935673817
26, 13.0, -4.8530623963927155e-14, -1.4765966227514582e-14, 1.0145452618705982e-15, 5.146510441920404e-31, 1.0293020883840808e-30, -302.88487141733225
27, 13.5, -6.897260540483785e-15, -3.574918139293004e-14, 7.281692586831526e-16, 2.6511523464558603e-31, 5.3023046929117205e-31, -305.76565315147303
28, 14.0, 1.5154544286133387e-14, 3.219646771412954e-15, 3.0985566824123e-16, 4.800526757060959e-32, 9.601053514121919e-32, -313.18711105305
29, 14.5, -3.141931159689193e-14, -1.6431300764452317e-14, 7.091292649537118e-16, 2.514321572068958e-31, 5.028643144137916e-31, -305.99579178502125
30, 15.0, -1.124100812432971e-14, 2.55351295663786e-15, 2.3054777558758963e-16, 2.657613841419279e-32, 5.315227682838558e-32, -315.7550812298857
31, 15.5, 1.0824674490095276e-15, -1.3877787807814457e-14, 2.783988004405829e-16, 3.8752946043377757e-32, 7.750589208675551e-32, -314.11695276338355
32, 16.0, 1.6486811915683575e-14, -1.1102230246251565e-16, 3.297437144782414e-16, 5.4365458618954e-32, 1.08730917237908e-31, -312.6467694397279
33, 16.5, 1.3822276656583199e-14, 3.574918139293004e-14, 7.665661882018383e-16, 2.9381186044714807e-31, 5.8762372089429615e-31, -305.31930676814034
34, 17.0, -2.270406085358445e-14, 3.019806626980426e-14, 7.556183125570093e-16, 2.8547951713575116e-31, 5.709590342715023e-31, -305.44425046486555
35, 17.5, -8.326672684688674e-16, 7.061018436615996e-14, 1.4123018758046138e-15, 9.972982942006155e-31, 1.994596588401231e-30, -300.01174923785237
36, 18.0, -4.773959005888173e-15, 6.328271240363392e-15, 1.5854046988893558e-16, 1.2567540296302245e-32, 2.513508059260449e-32, -319.00749713584776
37, 18.5, -6.455946888195285e-14, 7.377431998634165e-14, 1.9606708353792553e-15, 1.9221150623533934e-30, 3.844230124706787e-30, -297.16220617994514
38, 19.0, -5.523359547510154e-14, 3.352873534367973e-14, 1.2922733709016333e-15, 8.349852325707351e-31, 1.6699704651414702e-30, -300.78321205318497
39, 19.5, -7.438494264988549e-14, -5.390132784555135e-14, 1.837223213062622e-15, 1.6876945673080723e-30, 3.3753891346161446e-30, -297.7270614760078
40, 20.0, -4.063416270128073e-14, 0.13882778711963945, 0.0027765557423927887, 3.854630895307185e-06, 7.70926179061437e-06, -54.14017201998486
41, 20.5, -2.919886554764162e-14, -8.97615315409439e-14, 1.887824811135305e-15, 1.781941258769025e-30, 3.56388251753805e-30, -297.49106616468026
42, 21.0, 7.671641100159832e-14, 1.6819878823071122e-14, 1.5707725539477639e-15, 1.2336632081177904e-30, 2.4673264162355808e-30, -299.088033871583
43, 21.5, -4.907185768843192e-14, 1.3877787807814457e-14, 1.0199294507822468e-15, 5.201280422864878e-31, 1.0402560845729756e-30, -302.83889730955076
44, 22.0, 6.661338147750939e-16, -5.1209037010835345e-14, 1.02426738810455e-15, 5.245618411672583e-31, 1.0491236823345166e-30, -302.8020330500233
45, 22.5, 3.6415315207705135e-14, -2.0788926136106056e-14, 8.386309394647909e-16, 3.516509263137989e-31, 7.033018526275978e-31, -304.5388823423681
46, 23.0, 1.9872992140790302e-14, 8.43769498715119e-15, 4.318011177957322e-16, 9.322610266482189e-32, 1.8645220532964379e-31, -310.3046247116413
47, 23.5, -6.8833827526759706e-15, 6.532274721138265e-14, 1.3136882828680535e-15, 8.628884522724074e-31, 1.7257769045448148e-30, -300.64045342979693
48, 24.0, -5.917488721252084e-14, -1.3251899577682025e-13, 2.9026161660344602e-15, 4.212590303662295e-30, 8.42518060732459e-30, -293.7545077621868
49, 24.5, 1.454392162258955e-14, 2.2461199566947698e-14, 5.351751646518285e-16, 1.4320622843005587e-31, 2.8641245686011174e-31, -308.4403809296406
50, 25.0, 0.0, -3.812765721572493e-14, -1.0, -1.0, -1.0, -1.0
51, 25.5, -5.218048215738236e-15, -4.4277082000832024e-14, -1.0, -1.0, -1.0, -1.0
52, 26.0, 6.694644838489694e-14, -4.701794509287538e-14, -1.0, -1.0, -1.0, -1.0
53, 26.5, 1.3766765505351941e-14, 5.483113962867492e-14, -1.0, -1.0, -1.0, -1.0
54, 27.0, -7.438494264988549e-15, 7.072120666862247e-14, -1.0, -1.0, -1.0, -1.0
55, 27.5, -1.0869083411080283e-13, 5.69266855876549e-14, -1.0, -1.0, -1.0, -1.0
56, 28.0, 3.8413716652030416e-14, 2.4924506902834764e-14, -1.0, -1.0, -1.0, -1.0
57, 28.5, 4.6629367034256575e-14, -9.164891068280667e-14, -1.0, -1.0, -1.0, -1.0
58, 29.0, -6.794564910705958e-14, -3.197442310920451e-14, -1.0, -1.0, -1.0, -1.0
59, 29.5, 5.029310301551959e-14, -1.1052270210143433e-13, -1.0, -1.0, -1.0, -1.0
60, 30.0, 7.194245199571014e-14, -0.13882778711972282, -1.0, -1.0, -1.0, -1.0
61, 30.5, 1.630917623174355e-13, -8.587575095475586e-14, -1.0, -1.0, -1.0, -1.0
62, 31.0, 8.421041641781812e-14, 4.496403249731884e-15, -1.0, -1.0, -1.0, -1.0
63, 31.5, 2.525757381022231e-14, 1.396660564978447e-13, -1.0, -1.0, -1.0, -1.0
64, 32.0, -4.496403249731884e-15, 4.6074255521943996e-14, -1.0, -1.0, -1.0, -1.0
65, 32.5, 9.736655925962623e-14, 4.440892098500626e-16, -1.0, -1.0, -1.0, -1.0
66, 33.0, -6.328271240363392e-15, 4.3298697960381105e-15, -1.0, -1.0, -1.0, -1.0
67, 33.5, -2.6645352591003757e-15, -1.1957101975212936e-13, -1.0, -1.0, -1.0, -1.0
68, 34.0, 6.533662499919046e-14, 2.7755575615628914e-15, -1.0, -1.0, -1.0, -1.0
69, 34.5, 1.0969003483296547e-13, -1.7208456881689926e-13, -1.0, -1.0, -1.0, -1.0
70, 35.0, 1.63202784619898e-14, -1.2023715356690445e-13, -1.0, -1.0, -1.0, -1.0
71, 35.5, 8.251732630526476e-14, 4.218847493575595e-15, -1.0, -1.0, -1.0, -1.0
72, 36.0, -8.990030941902205e-14, 1.1191048088221578e-13, -1.0, -1.0, -1.0, -1.0
73, 36.5, -3.8941072588727366e-14, 4.973799150320701e-14, -1.0, -1.0, -1.0, -1.0
74, 37.0, 4.687222832089333e-14, -3.9968028886505635e-15, -1.0, -1.0, -1.0, -1.0
75, 37.5, 7.042680459383392e-14, -5.5289106626332796e-14, -1.0, -1.0, -1.0, -1.0
76, 38.0, 1.8318679906315083e-14, 1.461053500406706e-13, -1.0, -1.0, -1.0, -1.0
77, 38.5, 4.1799896877137144e-14, -5.0737192225369654e-14, -1.0, -1.0, -1.0, -1.0
78, 39.0, 1.9845236565174673e-15, 1.2922996006636822e-13, -1.0, -1.0, -1.0, -1.0
79, 39.5, 5.229150445984487e-14, 3.863576125695545e-14, -1.0, -1.0, -1.0, -1.0
80, 40.0, -1.6273093983443232e-13, 34.997631955184076, -1.0, -1.0, -1.0, -1.0
81, 40.5, 2.3092638912203256e-14, 1.27675647831893e-14, -1.0, -1.0, -1.0, -1.0
82, 41.0, -1.4116485758108865e-13, -3.1086244689504383e-15, -1.0, -1.0, -1.0, -1.0
83, 41.5, 1.13464793116691e-13, 4.285460875053104e-14, -1.0, -1.0, -1.0, -1.0
84, 42.0, -4.801714581503802e-14, -1.0547118733938987e-14, -1.0, -1.0, -1.0, -1.0
85, 42.5, -9.975353876257032e-14, 1.7763568394002505e-15, -1.0, -1.0, -1.0, -1.0
86, 43.0, -3.269606807521086e-14, 9.325873406851315e-15, -1.0, -1.0, -1.0, -1.0
87, 43.5, 1.3711254354120683e-14, 4.085620730620576e-14, -1.0, -1.0, -1.0, -1.0
88, 44.0, 1.9484414082171497e-14, 1.1751710715657282e-13, -1.0, -1.0, -1.0, -1.0
89, 44.5, -6.217248937900877e-15, -5.889733145636455e-14, -1.0, -1.0, -1.0, -1.0
90, 45.0, -7.571721027943568e-14, -8.104628079763643e-15, -1.0, -1.0, -1.0, -1.0
91, 45.5, -1.3389289676979388e-13, -2.5923707624997405e-14, -1.0, -1.0, -1.0, -1.0
92, 46.0, 1.127986593019159e-13, -6.328271240363392e-14, -1.0, -1.0, -1.0, -1.0
93, 46.5, -3.4861002973229915e-14, 4.440892098500626e-16, -1.0, -1.0, -1.0, -1.0
94, 47.0, 7.338574192772285e-14, -6.672440377997191e-14, -1.0, -1.0, -1.0, -1.0
95, 47.5, -8.215650382226158e-15, 4.340972026284362e-14, -1.0, -1.0, -1.0, -1.0
96, 48.0, -1.4910295220715852e-13, 7.93809462606987e-15, -1.0, -1.0, -1.0, -1.0
97, 48.5, -3.1308289294429414e-14, -5.756506382681437e-14, -1.0, -1.0, -1.0, -1.0
98, 49.0, 3.419486915845482e-14, -1.3773704399255848e-13, -1.0, -1.0, -1.0, -1.0
99, 49.5, 1.630917623174355e-13, 6.804973251561819e-14, -1.0, -1.0, -1.0, -1.0
