0, 0.0, 6.375, 0.0, 0.06375, 0.0040640625, 0.00040640625, -26.920696174519957
1, 10.0, 11.460859828900514, -15.005669781205906, 0.3776355034158212, 0.07130428672006035, 0.007130428672006035, -11.468843601494655
2, 20.0, -8.186493864300946, -0.0008951670065463896, 0.16372987826485552, 0.013403736518312205, 0.0013403736518312205, -18.7277411782332
3, 30.0, -2.124430661190274, -0.017702570611192823, 0.04249008832756924, 0.0009027038030423178, 9.027038030423178e-05, -30.444547278772305
4, 40.0, -1.0581578752050378, -0.0009256438288983144, 0.021163165601345547, 0.00022393978913498773, 2.239397891349877e-05, -36.49868735065367
5, 50.0, -0.62608696192055, -0.01199655876859582, 0.012524037708489904, 7.842576026183852e-05, 7.842576026183851e-06, -41.05541262545157
6, 60.0, -0.43295340942867205, 0.017370225582159827, 0.00866603437502267, 3.755007589453728e-05, 3.7550075894537284e-06, -44.25389180882305
7, 70.0, -0.30305791870701343, 0.01899054915355193, 0.006073046782239709, 1.8440948609636042e-05, 1.8440948609636042e-06, -47.34216742429129
8, 80.0, -0.24250986622074522, 0.005425889399104709, 0.00485141115512487, 1.1768095098035014e-05, 1.1768095098035014e-06, -49.29293830730478
9, 90.0, -0.18218120420736472, -0.00605827002797394, 0.0036456381500185875, 6.645338760435475e-06, 6.645338760435475e-07, -51.77482875061682
10, 100.0, -0.18649471010252924, 0.007430129033557551, 0.003732853263319186, 6.967096742736348e-06, 6.967096742736348e-07, -51.56948158958059
11, 110.0, -0.14532627128485065, 0.018578335185626106, 0.0029301794937394176, 4.292975932765495e-06, 4.292975932765495e-07, -53.67241546250689
12, 120.0, -0.08881357734202838, -0.019819285132944658, 0.001819962151636063, 1.6561311166938838e-06, 1.6561311166938837e-07, -57.80905282887814
13, 130.0, -0.09788677355746138, -0.01626655977829855, 0.0019845827172996016, 1.969284280902135e-06, 1.969284280902135e-07, -57.056915856824126
14, 140.0, -0.10777690623978853, -0.004348082170761613, 0.0021572915739124245, 2.3269534674367727e-06, 2.3269534674367726e-07, -56.33212301301795
15, 150.0, -0.07542762897604846, 0.02163020736562212, 0.0015693556746165912, 1.2314386167256481e-06, 1.231438616725648e-07, -59.09587231475499
16, 160.0, -0.06311619207480387, -0.009907018097412356, 0.0012777797477822208, 8.163605419211979e-07, 8.163605419211979e-08, -60.881179946958255
17, 170.0, -0.06960223087407628, -0.021084476344057225, 0.0014545137586631934, 1.0578051370702652e-06, 1.0578051370702652e-07, -59.75594328226609
18, 180.0, -0.050002594530533614, 0.008857691459199915, 0.0010156216141400955, 5.157436315542666e-07, 5.157436315542666e-08, -62.87566126026486
19, 190.0, -0.03977466426142942, -0.03320871667002301, 0.0010363093707921964, 5.36968555995859e-07, 5.36968555995859e-08, -62.70051145133433
20, 200.0, -0.03458633580565723, -0.004592072283542256, 0.0006977970341923113, 2.434603504637928e-07, 2.4346035046379282e-08, -66.13571757147022
21, 210.0, -0.04559993526981636, -0.022135646541596367, 0.0010137733364862047, 5.138681888851858e-07, 5.138681888851858e-08, -62.891482665709866
22, 220.0, -0.011734812369405911, 3.791631783393867e-05, 0.00023469747249795433, 2.7541451798464015e-08, 2.7541451798464013e-09, -75.60013170417389
23, 230.0, -0.06453876308887317, -0.013990601517124005, 0.001320755673370764, 8.721977743705301e-07, 8.721977743705301e-08, -60.59385025871525
24, 240.0, -0.01867280781577975, 0.0018588908627974413, 0.00037530213266904686, 7.042584539296743e-08, 7.0425845392967425e-09, -71.52267931033036
25, 250.0, -0.023437500000011977, 0.00781250000000307, 0.000494105884401556, 1.2207031250012192e-07, 1.2207031250012192e-08, -69.13389943631321
26, 260.0, 0.004740624820983227, 0.011043035429881852, 0.00024035153854215133, 2.8884431039789628e-08, 2.8884431039789627e-09, -75.39336182691147
27, 270.0, -0.018463732557487043, 8.571733786893066e-05, 0.0003692786305306162, 6.818335348328367e-08, 6.818335348328367e-09, -71.66321642539961
28, 280.0, 0.014716807568410394, 0.01489817438492225, 0.00041882694517386286, 8.770800500183496e-08, 8.770800500183496e-09, -70.56960767301342
29, 290.0, -0.013630527495623915, 0.014744560260457399, 0.00040159349451066517, 8.063866741664383e-08, 8.063866741664383e-09, -70.9345665771378
30, 300.0, -0.020536539897477658, -0.004592072283546279, 0.0004208736621923522, 8.856731976360111e-08, 8.856731976360111e-09, -70.52726497802622
31, 310.0, -0.011964739250751075, 0.0001999665794461796, 0.00023932820307799813, 2.8638994394271755e-08, 2.8638994394271754e-09, -75.43042235550149
32, 320.0, -0.04106451265747788, -0.006002566607904151, 0.0008300180734606898, 3.4446500113569747e-07, 3.4446500113569744e-08, -64.62854897372584
33, 330.0, -0.03733336960005374, 0.0027402072172094047, 0.0007486759569499913, 2.8025784425749263e-07, 2.8025784425749262e-08, -65.52442222907594
34, 340.0, -0.03514470738272906, -0.019091162664471223, 0.000799905731670664, 3.1992458977979017e-07, 3.199245897797902e-08, -64.94952378248949
35, 350.0, -0.00443887383649077, -0.026458597902748796, 0.0005365672386255521, 1.4395220078312508e-07, 1.4395220078312509e-08, -68.41781691114758
36, 360.0, 0.02447339974811533, 0.004836062396305035, 0.0004989327789319949, 1.2446695894640143e-07, 1.2446695894640144e-08, -69.04945921272696
37, 370.0, -0.024267088158157753, 0.01879780387485941, 0.0006139214927638484, 1.88449799638696e-07, 1.88449799638696e-08, -67.24804319959428
38, 380.0, -0.0015058561587482228, -0.0049590270658115025, 0.00010365240414055238, 5.3719104420582e-09, 5.3719104420582e-10, -82.6987123629449
39, 390.0, -0.021518149994496794, 0.006544382771724611, 0.0004498265110233093, 1.011719450097017e-07, 1.011719450097017e-08, -69.94939900704226
40, 400.0, -0.008382414194307764, 0.00743012903356892, 0.00022402828855340218, 2.5094337036083214e-08, 2.5094337036083215e-09, -76.00424273397904
41, 410.0, -0.03757678652304178, -0.006070444268866849, 0.0007612792336638831, 2.897730358039345e-07, 2.897730358039345e-08, -65.37942029307861
42, 420.0, -0.027098458968126446, -0.009434368668010694, 0.000573875871808939, 1.646667581222349e-07, 1.646667581222349e-08, -67.83394064589714
43, 430.0, -0.008831591247797605, 0.026617351757811308, 0.0005608851642064483, 1.5729608371344721e-07, 1.572960837134472e-08, -68.03282090109151
44, 440.0, -0.019772848822403204, 0.008186081015105848, 0.00042800816484711503, 9.15954945878976e-08, 9.15954945878976e-09, -70.38125887944994
45, 450.0, -0.012796535266932314, -0.0006443317685318074, 0.0002562549342087147, 3.283329565315635e-08, 3.283329565315635e-09, -74.83685522627198
46, 460.0, -0.01921751544205067, 0.008258500738180342, 0.00041833753558961516, 8.750314684159627e-08, 8.750314684159627e-09, -70.57976328333503
47, 470.0, -0.02624944264894882, 0.021600119620986964, 0.0006798818741579744, 2.3111968140427988e-07, 2.311196814042799e-08, -66.36163069833202
48, 480.0, 0.00854247282173291, 0.013965091060547198, 0.00032741265109303324, 5.359952204788416e-08, 5.3599522047884156e-09, -72.70839082935811
49, 490.0, -0.024563478982964293, 0.0296546404228736, 0.0007701330270431095, 2.965524396712914e-07, 2.965524396712914e-08, -65.27898498771361
50, 500.0, -0.015625, 2.2060976210445387e-14, -1.0, -1.0, -1.0, -1.0
51, 510.0, -0.024563478982992163, -0.02965464042290254, -1.0, -1.0, -1.0, -1.0
52, 520.0, 0.008542472821735543, -0.013965091060599889, -1.0, -1.0, -1.0, -1.0
53, 530.0, -0.026249442648993863, -0.021600119620977097, -1.0, -1.0, -1.0, -1.0
54, 540.0, -0.01921751544201473, -0.00825850073817685, -1.0, -1.0, -1.0, -1.0
55, 550.0, -0.012796535266914674, 0.0006443317685165969, -1.0, -1.0, -1.0, -1.0
56, 560.0, -0.019772848822353094, -0.008186081015015985, -1.0, -1.0, -1.0, -1.0
57, 570.0, -0.008831591247833812, -0.02661735175779188, -1.0, -1.0, -1.0, -1.0
58, 580.0, -0.02709845896810641, 0.009434368667995704, -1.0, -1.0, -1.0, -1.0
59, 590.0, -0.037576786523037295, 0.006070444268862086, -1.0, -1.0, -1.0, -1.0
60, 600.0, -0.008382414194363329, -0.007430129033547693, -1.0, -1.0, -1.0, -1.0
61, 610.0, -0.02151814999445676, -0.006544382771786912, -1.0, -1.0, -1.0, -1.0
62, 620.0, -0.0015058561587553178, 0.004959027065852505, -1.0, -1.0, -1.0, -1.0
63, 630.0, -0.024267088158213008, -0.018797803874953244, -1.0, -1.0, -1.0, -1.0
64, 640.0, 0.024473399748173856, -0.004836062396267524, -1.0, -1.0, -1.0, -1.0
65, 650.0, -0.004438873836491257, 0.02645859790273057, -1.0, -1.0, -1.0, -1.0
66, 660.0, -0.03514470738267495, 0.019091162664480937, -1.0, -1.0, -1.0, -1.0
67, 670.0, -0.03733336960008249, -0.002740207217213909, -1.0, -1.0, -1.0, -1.0
68, 680.0, -0.04106451265744491, 0.006002566607893204, -1.0, -1.0, -1.0, -1.0
69, 690.0, -0.011964739250744795, -0.00019996657940943557, -1.0, -1.0, -1.0, -1.0
70, 700.0, -0.020536539897472936, 0.004592072283518491, -1.0, -1.0, -1.0, -1.0
71, 710.0, -0.013630527495640787, -0.014744560260439143, -1.0, -1.0, -1.0, -1.0
72, 720.0, 0.014716807568385467, -0.014898174384927378, -1.0, -1.0, -1.0, -1.0
73, 730.0, -0.01846373255741849, -8.571733782847864e-05, -1.0, -1.0, -1.0, -1.0
74, 740.0, 0.004740624820958859, -0.011043035429875395, -1.0, -1.0, -1.0, -1.0
75, 750.0, -0.023437499999935055, -0.00781249999999694, -1.0, -1.0, -1.0, -1.0
76, 760.0, -0.018672807815803185, -0.0018588908627856773, -1.0, -1.0, -1.0, -1.0
77, 770.0, -0.06453876308886725, 0.013990601517128866, -1.0, -1.0, -1.0, -1.0
78, 780.0, -0.011734812369442077, -3.7916317835486046e-05, -1.0, -1.0, -1.0, -1.0
79, 790.0, -0.04559993526981503, 0.022135646541593394, -1.0, -1.0, -1.0, -1.0
80, 800.0, -0.03458633580568517, 0.0045920722835053225, -1.0, -1.0, -1.0, -1.0
81, 810.0, -0.0397746642613895, 0.03320871667006987, -1.0, -1.0, -1.0, -1.0
82, 820.0, -0.05000259453054176, -0.008857691459198888, -1.0, -1.0, -1.0, -1.0
83, 830.0, -0.06960223087405341, 0.021084476344102307, -1.0, -1.0, -1.0, -1.0
84, 840.0, -0.06311619207477513, 0.009907018097447295, -1.0, -1.0, -1.0, -1.0
85, 850.0, -0.07542762897606212, -0.021630207365579628, -1.0, -1.0, -1.0, -1.0
86, 860.0, -0.10777690623979795, 0.004348082170740483, -1.0, -1.0, -1.0, -1.0
87, 870.0, -0.09788677355744523, 0.016266559778307467, -1.0, -1.0, -1.0, -1.0
88, 880.0, -0.08881357734206113, 0.019819285132910744, -1.0, -1.0, -1.0, -1.0
89, 890.0, -0.14532627128485387, -0.018578335185636938, -1.0, -1.0, -1.0, -1.0
90, 900.0, -0.1864947101025255, -0.0074301290335115604, -1.0, -1.0, -1.0, -1.0
91, 910.0, -0.18218120420742182, 0.006058270027965393, -1.0, -1.0, -1.0, -1.0
92, 920.0, -0.242509866220776, -0.005425889399104185, -1.0, -1.0, -1.0, -1.0
93, 930.0, -0.3030579187069643, -0.018990549153583978, -1.0, -1.0, -1.0, -1.0
94, 940.0, -0.43295340942872207, -0.01737022558212233, -1.0, -1.0, -1.0, -1.0
95, 950.0, -0.6260869619205741, 0.011996558768547858, -1.0, -1.0, -1.0, -1.0
96, 960.0, -1.058157875205001, 0.0009256438289067467, -1.0, -1.0, -1.0, -1.0
97, 970.0, -2.124430661190252, 0.01770257061123376, -1.0, -1.0, -1.0, -1.0
98, 980.0, -8.18649386430094, 0.0008951670065616322, -1.0, -1.0, -1.0, -1.0
99, 990.0, 11.460859828900444, 15.005669781205974, -1.0, -1.0, -1.0, -1.0
