0, 0.0, 0.0, 0.0, 0.0, 0.0, 0.0, -308.0
1, 5.0, 8.049116928532385e-16, -0.007917043702372497, 0.00015834087404744995, 1.2535916197055206e-08, 2.507183239411041e-09, -79.01843919800326
2, 10.0, 1.7208456881689926e-15, -15.035324421628784, 0.3007064884325757, 0.045212196092725386, 0.009042439218545077, -13.44744397460536
3, 15.0, 1.6653345369377348e-15, -14.988054410236826, 0.2997610882047365, 0.04492835500084391, 0.008985671000168782, -13.474794823002483
4, 20.0, 2.8727020762175925e-15, -0.014860258067107876, 0.0002972051613421575, 4.416545396420894e-08, 8.833090792841787e-09, -73.54917301213996
5, 25.0, 3.7470027081099033e-16, -0.027418167574174094, 0.0005483633514834819, 1.5035118262509837e-07, 3.0070236525019674e-08, -68.22893151497388
6, 30.0, 1.4710455076283324e-15, -0.03930269023216537, 0.0007860538046433074, 3.0894029189710944e-07, 6.178805837942189e-08, -65.10125447452991
7, 35.0, -4.98212582300539e-15, -0.01077986744113979, 0.0002155973488227958, 2.3241108409709146e-08, 4.648221681941829e-09, -76.33743163513147
8, 40.0, -4.3576253716537394e-15, -0.009184144567067412, 0.00018368289134134823, 1.686970228575877e-08, 3.373940457151754e-09, -77.7289258171396
9, 45.0, -7.230327447871332e-15, 0.011628353887212887, 0.00023256707774425774, 2.704372282525181e-08, 5.408744565050362e-09, -75.67933523855596
10, 50.0, 6.078471059822732e-15, -0.01135222700008582, 0.0002270445400017164, 2.5774611572295497e-08, 5.1549223144590995e-09, -75.88807870885563
11, 55.0, -7.077671781985373e-16, -0.011888679999363064, 0.00023777359998726128, 2.8268142425451068e-08, 5.653628485090214e-09, -75.48702729214126
12, 60.0, -2.5673907444456745e-15, 0.009184144567076308, 0.00018368289134152615, 1.686970228579145e-08, 3.37394045715829e-09, -77.72892581713118
13, 65.0, -8.146261443187086e-15, 0.00568885880945709, 0.0001137771761891418, 6.472622910787508e-09, 1.2945245821575016e-09, -81.8891969385254
14, 70.0, -1.489780521168882e-14, -0.007626802604260519, 0.00015253605208521038, 1.1633623592871006e-08, 2.326724718574201e-09, -79.34284991954499
15, 75.0, 8.069933610244107e-15, -0.02588868370840447, 0.0005177736741680894, 1.3404478883076142e-07, 2.6808957766152284e-08, -68.72750065127846
16, 80.0, 1.2219392164780629e-14, 0.014860258067108861, 0.00029720516134217723, 4.41654539642148e-08, 8.83309079284296e-09, -73.54917301213938
17, 85.0, 3.274464033253821e-14, -0.008127524529541755, 0.0001625504905908351, 1.3211330995660584e-08, 2.6422661991321166e-09, -78.79053426522349
18, 90.0, 2.4195923042924505e-14, 1.2174240910198253e-05, 2.4348481820396507e-07, 2.964242834790896e-14, 5.928485669581791e-15, -135.2808622124271
19, 95.0, 4.40619762898109e-15, -0.005154456244538405, 0.0001030891248907681, 5.313683835372192e-09, 1.0627367670744382e-09, -82.74604289714617
20, 100.0, -1.3825746103535153e-14, 1.541822225448186e-14, 4.1418490209471286e-16, 8.577456656160344e-32, 1.7154913312320688e-32, -310.66641467855055
21, 105.0, -2.011932287437901e-14, 0.0132683108753638, 0.00026536621750727603, 3.520961469705947e-08, 7.0419229394118935e-09, -74.53338727439231
22, 110.0, -1.326716514427062e-14, 0.012033952413868981, 0.00024067904827737962, 2.8963202139852615e-08, 5.792640427970523e-09, -75.38153424698997
23, 115.0, -1.437044927499187e-14, 0.04446448246976027, 0.0008892896493952054, 3.954180402607237e-07, 7.908360805214474e-08, -64.0294352063955
24, 120.0, -2.272140808834422e-14, -0.014860258067142154, 0.0002972051613428431, 4.4165453964412696e-08, 8.833090792882539e-09, -73.54917301211992
25, 125.0, -5.371380526515269e-15, -0.015625000000012004, 0.0003125000000002401, 4.882812500007503e-08, 9.765625000015006e-09, -73.11329952303126
26, 130.0, 9.903536324351592e-15, -0.03506436365319199, 0.0007012872730638398, 2.459019196806583e-07, 4.9180383936131655e-08, -66.092380808446
27, 135.0, 3.330842546223067e-14, 0.017817078632216155, 0.0003563415726443231, 6.34896581973147e-08, 1.269793163946294e-08, -71.97297010985496
28, 140.0, 4.989064716909297e-15, -0.009184144567047622, 0.00018368289134095244, 1.686970228568607e-08, 3.373940457137214e-09, -77.72892581715831
29, 145.0, 3.209238430557093e-14, -0.0032045226905612345, 6.409045381122469e-05, 2.0537931348643624e-09, 4.107586269728725e-10, -86.8744330217558
30, 150.0, -1.0921819004749977e-14, 0.04808880526838695, 0.000961776105367739, 4.6250663842816807e-07, 9.250132768563361e-08, -63.34882029385422
31, 155.0, 8.520961713998076e-15, -0.018513042022021614, 0.0003702608404404323, 6.854654498182762e-08, 1.3709308996365525e-08, -71.64014430489961
32, 160.0, -4.295175326518574e-15, 0.009184144567056213, 0.00018368289134112426, 1.6869702285717632e-08, 3.3739404571435266e-09, -77.72892581715018
33, 165.0, 8.618106228652778e-15, -0.005880893413183527, 0.00011761786826367054, 6.9169814674450785e-09, 1.3833962934890158e-09, -81.60083387917838
34, 170.0, 1.634803403760543e-14, -0.023824683561260912, 0.00047649367122521824, 1.1352310935884318e-07, 2.2704621871768637e-08, -69.44915722211483
35, 175.0, 2.2870594307278225e-14, 0.022200121559959263, 0.0004440024311991853, 9.856907945539363e-08, 1.9713815891078724e-08, -70.06259299337896
36, 180.0, 1.0644263248593688e-14, 0.014860258067156573, 0.00029720516134313144, 4.416545396449839e-08, 8.833090792899678e-09, -73.54917301211148
37, 185.0, -5.445643935786393e-14, 0.04268930056945015, 0.0008537860113890031, 3.644752766217714e-07, 7.289505532435428e-08, -64.38331925757251
38, 190.0, -2.7547408798511697e-14, -0.03340868324944464, 0.0006681736649888928, 2.2322802329234458e-07, 4.4645604658468915e-08, -66.51251286449133
39, 195.0, -1.0380585280245214e-14, 0.018371000923264193, 0.00036742001846528386, 6.749873498451476e-08, 1.3499746996902952e-08, -71.70704366345166
40, 200.0, -3.2335245592207684e-15, -3.567979245389097e-14, 7.165202776273171e-16, 2.567006541255638e-31, 5.134013082511276e-32, -305.9057302465633
41, 205.0, -2.257916076331412e-14, 0.01745709735419436, 0.0003491419470838872, 6.095004960676394e-08, 1.219000992135279e-08, -72.15025936576608
42, 210.0, -1.2725931419765857e-14, -0.036880206802070825, 0.0007376041360414165, 2.720299307527022e-07, 5.4405986150540446e-08, -65.65383309033443
43, 215.0, 1.62231339473351e-14, 0.04503400344927739, 0.0009006800689855478, 4.0561229333390557e-07, 8.112245866678112e-08, -63.9188889083899
44, 220.0, 5.2860493759965266e-14, -0.014860258067148482, 0.0002972051613429696, 4.41654539644503e-08, 8.833090792890061e-09, -73.54917301211623
45, 225.0, 3.708144902248023e-14, -0.0387703945742596, 0.000775407891485192, 3.006286990887556e-07, 6.012573981775112e-08, -65.21969562468534
46, 230.0, 3.9218628344883655e-14, -0.014076318854955076, 0.00028152637709910155, 3.962855050127277e-08, 7.925710100254553e-09, -74.01991812621941
47, 235.0, -1.97758476261356e-14, 0.04050649802058638, 0.0008101299604117276, 3.281552763783537e-07, 6.563105527567074e-08, -64.8392060837009
48, 240.0, 7.201184093474922e-14, -0.009184144567015998, 0.00018368289134031997, 1.6869702285569898e-08, 3.3739404571139797e-09, -77.72892581718823
49, 245.0, -1.8582357874663558e-14, -0.011924329608789357, 0.00023848659217578713, 2.8437927323810107e-08, 5.687585464762021e-09, -75.46102060003969
50, 250.0, 0.0, -8.912331758724876e-17, -1.0, -1.0, -1.0, -1.0
51, 255.0, 4.2424397328488794e-14, 0.011924329608737634, -1.0, -1.0, -1.0, -1.0
52, 260.0, -3.948230631323213e-14, 0.009184144567071275, -1.0, -1.0, -1.0, -1.0
53, 265.0, -2.1510571102112408e-15, -0.04050649802059049, -1.0, -1.0, -1.0, -1.0
54, 270.0, -5.898059818321144e-14, 0.014076318854999822, -1.0, -1.0, -1.0, -1.0
55, 275.0, -5.2707838094079307e-14, 0.0387703945742166, -1.0, -1.0, -1.0, -1.0
56, 280.0, -3.659572644920672e-14, 0.014860258067049395, -1.0, -1.0, -1.0, -1.0
57, 285.0, -9.046929871914244e-14, -0.045034003449395385, -1.0, -1.0, -1.0, -1.0
58, 290.0, -2.896294315490877e-14, 0.036880206802085695, -1.0, -1.0, -1.0, -1.0
59, 295.0, 2.525757381022231e-14, -0.017457097354280693, -1.0, -1.0, -1.0, -1.0
60, 300.0, 1.341982081015658e-14, -4.100886297209172e-15, -1.0, -1.0, -1.0, -1.0
61, 305.0, 2.6367796834847468e-14, -0.01837100092328469, -1.0, -1.0, -1.0, -1.0
62, 310.0, 7.296940829348841e-14, 0.03340868324945594, -1.0, -1.0, -1.0, -1.0
63, 315.0, 8.3322237998118e-14, -0.04268930056943948, -1.0, -1.0, -1.0, -1.0
64, 320.0, -4.6650183715968296e-14, -0.014860258067077636, -1.0, -1.0, -1.0, -1.0
65, 325.0, -3.699818229563334e-14, -0.02220012155996766, -1.0, -1.0, -1.0, -1.0
66, 330.0, 1.7166823518266483e-14, 0.02382468356128853, -1.0, -1.0, -1.0, -1.0
67, 335.0, -2.1246893133763933e-14, 0.005880893413191299, -1.0, -1.0, -1.0, -1.0
68, 340.0, -3.963496197911809e-14, -0.009184144567113042, -1.0, -1.0, -1.0, -1.0
69, 345.0, 6.041001032741633e-14, 0.018513042021994844, -1.0, -1.0, -1.0, -1.0
70, 350.0, 5.852957007945747e-14, -0.04808880526833395, -1.0, -1.0, -1.0, -1.0
71, 355.0, -6.576336697428076e-14, 0.0032045226905815932, -1.0, -1.0, -1.0, -1.0
72, 360.0, -8.014422459012849e-14, 0.009184144566989585, -1.0, -1.0, -1.0, -1.0
73, 365.0, 2.769312557049375e-14, -0.0178170786321738, -1.0, -1.0, -1.0, -1.0
74, 370.0, 5.089158261473159e-14, 0.0350643636531388, -1.0, -1.0, -1.0, -1.0
75, 375.0, -4.83692638600284e-16, 0.015624999999980724, -1.0, -1.0, -1.0, -1.0
76, 380.0, 8.116597671747883e-14, 0.014860258067085241, -1.0, -1.0, -1.0, -1.0
77, 385.0, 1.2044185093706972e-14, -0.04446448246979311, -1.0, -1.0, -1.0, -1.0
78, 390.0, 5.660055757417126e-14, -0.012033952413929905, -1.0, -1.0, -1.0, -1.0
79, 395.0, 4.844735723708027e-14, -0.013268310875225245, -1.0, -1.0, -1.0, -1.0
80, 400.0, 5.56776846849516e-14, 6.246392292297287e-14, -1.0, -1.0, -1.0, -1.0
81, 405.0, -3.0205005163708165e-14, 0.005154456244605421, -1.0, -1.0, -1.0, -1.0
82, 410.0, -2.1573021147247573e-14, -1.2174240796219982e-05, -1.0, -1.0, -1.0, -1.0
83, 415.0, -5.891814813807628e-14, 0.00812752452956271, -1.0, -1.0, -1.0, -1.0
84, 420.0, -1.316169395693123e-13, -0.014860258067210419, -1.0, -1.0, -1.0, -1.0
85, 425.0, -8.049116928532385e-14, 0.02588868370831207, -1.0, -1.0, -1.0, -1.0
86, 430.0, 8.867906409193438e-15, 0.007626802604212668, -1.0, -1.0, -1.0, -1.0
87, 435.0, 9.18709552877317e-15, -0.0056888588094493875, -1.0, -1.0, -1.0, -1.0
88, 440.0, 2.3550605909861133e-14, -0.009184144567048413, -1.0, -1.0, -1.0, -1.0
89, 445.0, -5.420663917732327e-14, 0.011888679999358075, -1.0, -1.0, -1.0, -1.0
90, 450.0, -6.05765437811101e-14, 0.011352227000030427, -1.0, -1.0, -1.0, -1.0
91, 455.0, 1.1234069230425803e-13, -0.011628353887315285, -1.0, -1.0, -1.0, -1.0
92, 460.0, -3.497202527569243e-15, 0.009184144567087764, -1.0, -1.0, -1.0, -1.0
93, 465.0, 1.980360320175123e-14, 0.01077986744119138, -1.0, -1.0, -1.0, -1.0
94, 470.0, -2.0941581801992015e-14, 0.03930269023221948, -1.0, -1.0, -1.0, -1.0
95, 475.0, 9.972578318695469e-14, 0.027418167574291438, -1.0, -1.0, -1.0, -1.0
96, 480.0, -2.1191381982532675e-14, 0.014860258067138973, -1.0, -1.0, -1.0, -1.0
97, 485.0, -3.985700658404312e-14, 14.988054410236805, -1.0, -1.0, -1.0, -1.0
98, 490.0, -1.2403966742624561e-13, 15.03532442162869, -1.0, -1.0, -1.0, -1.0
99, 495.0, 1.3516965324811281e-14, 0.007917043702308994, -1.0, -1.0, -1.0, -1.0
