0, 0.0, 9.544703578157434e-07, 0.0, 1.7610154203242499e-09, 3.1011753106197946e-18, 4.542802752313321e-17, -178.09503677900454
1, 0.06826568265682657, 9.218079432306791e-07, -2.213995554971159e-07, 3.4982399280044847e-09, 6.118841296942411e-18, 8.963275629575098e-17, -172.13330810858918
2, 0.13653136531365315, 8.224929263944011e-07, -4.507611985614586e-07, 3.4609325495868456e-09, 5.989027056394851e-18, 8.773115309637862e-17, -172.2264372491605
3, 0.2047970479704797, 6.537306578353458e-07, -6.955226584685564e-07, 3.5222277672360487e-09, 6.20304422214432e-18, 9.08662153622222e-17, -172.07395122693683
4, 0.2730627306273063, 4.164767274749375e-07, -9.605746981628737e-07, 3.8633763214756705e-09, 7.462838300669442e-18, 1.0932049618818479e-16, -171.27095968253354
5, 0.3413284132841328, 1.3198457563098893e-07, -1.2411352966326887e-06, 4.60565796045802e-09, 1.0606042624365164e-17, 1.553641919569167e-16, -169.7444663183848
6, 0.4095940959409594, -1.0614526547665995e-07, -1.499195737861807e-06, 5.5459360187011375e-09, 1.5378703161763312e-17, 2.252772192885328e-16, -168.13080285694295
7, 0.477859778597786, 3.789893438374311e-08, -1.5847618672981993e-06, 5.849501739156569e-09, 1.7108335298197862e-17, 2.5061399274657407e-16, -167.66792246799014
8, 0.5461254612546126, 1.7139659320770214e-06, -9.663031938892118e-07, 7.260489710794601e-09, 2.6357355420277135e-17, 3.8609963885919474e-16, -165.79098167067318
9, 0.6143911439114391, 8.365066551620423e-06, 1.983842393131375e-06, 3.172358203681103e-08, 5.031928286231398e-16, 7.371094949020048e-15, -152.9826555697374
10, 0.6826568265682657, -7.073636026817696e-06, -5.373228603599078e-06, 3.277864415886862e-08, 5.372197564468659e-16, 7.869543459302738e-15, -152.6984802437621
11, 0.7509225092250923, 0.002730279858165374, 0.0013027201869220042, 1.1162900166519874e-05, 6.230517006384471e-11, 9.126865452595631e-10, -102.05475914223047
12, 0.8191881918819188, -0.01980263530377069, -0.009608220624665188, 8.121957046468127e-05, 3.298309313233663e-09, 4.831577426412554e-08, -84.81708618936638
13, 0.8874538745387454, 0.04711450952510257, 0.02319014737113048, 0.00019377296739697588, 1.877398144691474e-08, 2.750134579521024e-07, -77.26443615654489
14, 0.955719557195572, -0.0584609514978716, -0.029202898771618836, 0.00024114023116252243, 2.9074305542557376e-08, 4.25899286596381e-07, -75.36490649863045
15, 1.0239852398523985, 0.05863288460243757, 0.029709165209742417, 0.00024254659574717452, 2.941442555427165e-08, 4.3088158514635764e-07, -75.31439628699144
16, 1.0922509225092252, -0.052357651576478086, -0.026917592036853923, 0.00021723885127709593, 2.3596359252096103e-08, 3.4565477607124557e-07, -76.27155000364594
17, 1.1605166051660516, 0.027694094632733184, 0.014436571075723005, 0.00011524366655221882, 6.640551340199499e-09, 9.727510341589537e-08, -81.77795861284702
18, 1.2287822878228782, -0.005663933839483756, -0.0029984742832760503, 2.3648212486500723e-05, 2.7961897690334434e-10, 4.0960401481516925e-09, -95.53433357659065
19, 1.2970479704797049, 0.00015891522784805935, 8.159463672879682e-05, 6.591828706481921e-07, 2.1726102847799555e-13, 3.1825804712182048e-12, -126.63018168915791
20, 1.3653136531365313, -4.70550000396686e-06, -6.406505255645796e-06, 2.933174097145751e-08, 4.301755142083395e-16, 6.30148996488973e-15, -153.66354313490268
21, 1.433579335793358, 3.617243584589678e-06, -2.058943026862109e-06, 1.5358577920612062e-08, 1.1794295787175616e-16, 1.7277049504457253e-15, -159.28327984822806
22, 1.5018450184501846, 6.026027430535252e-06, -7.614542870977848e-07, 2.2413084632089804e-08, 2.5117318136261006e-16, 3.67934768374418e-15, -156.00026733597318
23, 1.570110701107011, 5.9879304234318324e-06, -3.1393676355358863e-07, 2.2126030829761537e-08, 2.44780620139779e-16, 3.5857053004259515e-15, -156.11222969285973
24, 1.6383763837638377, 4.435977294669598e-06, 5.934765639214542e-07, 1.6514763750961987e-08, 1.3636871087504403e-16, 1.9976173322776718e-15, -158.65285264966357
25, 1.7066420664206643, 4.499009284033547e-05, -3.14434192652829e-05, 2.0254225888127796e-07, 2.051168331636531e-14, 3.004684420937837e-13, -136.87998697261548
26, 1.7749077490774907, -0.0011771520626956175, 0.0009090777642958251, 5.488251513471491e-06, 1.5060452337561057e-11, 2.2061527478265114e-10, -108.22161983994776
27, 1.8431734317343174, 0.005427693691704564, -0.004124435198009773, 2.515480170616872e-05, 3.1638202443833436e-10, 4.63456911474533e-09, -94.99788199349483
28, 1.911439114391144, -0.009868319524761176, 0.007416528724548846, 4.555195171230675e-05, 1.0374901524001631e-09, 1.519782871894293e-08, -89.84016016812078
29, 1.9797047970479704, 0.010909436464754887, -0.008095378088679682, 5.012897818097585e-05, 1.2564572267343762e-09, 1.8405400456487347e-08, -89.00852291400432
30, 2.047970479704797, -0.010854110958818336, 0.007961658275847933, 4.967175204324188e-05, 1.233641475522652e-09, 1.8071180533331818e-08, -89.08811037892484
31, 2.1162361623616235, 0.008557386060148615, -0.006197182342713321, 3.8987806931837347e-05, 7.600245446771121e-10, 1.1133332519324183e-08, -91.19172382132757
32, 2.1845018450184504, -0.003431052283823654, 0.0024574906660771697, 1.5573258610167743e-05, 1.2126319186958188e-10, 1.7763418917111722e-09, -99.1627100452343
33, 2.2527675276752768, 0.00044150617699110275, -0.0003099624549789591, 1.9905839941352832e-06, 1.9812123188537887e-12, 2.9022083157263605e-11, -117.0306898030921
34, 2.321033210332103, 5.167758966144808e-06, -1.3878670115148842e-06, 1.974494147702648e-08, 1.9493135696560033e-16, 2.855480958793388e-15, -157.10118293967287
35, 2.38929889298893, 6.616405149140749e-06, -2.2684464823201395e-06, 2.5809867159740125e-08, 3.330746214017159e-16, 4.8790931026954056e-15, -154.77458457086922
36, 2.4575645756457565, 5.692875936535197e-06, -1.658955852162066e-06, 2.1880696327525848e-08, 2.3938243588870157e-16, 3.5066291959912496e-15, -156.2090771807519
37, 2.525830258302583, 5.467292056353831e-06, -2.162085972162756e-06, 2.169474912072339e-08, 2.3533106970556415e-16, 3.447282156227453e-15, -156.28320731086174
38, 2.5940959409594098, 5.117188886932854e-06, -4.709770357037688e-06, 2.566302185570643e-08, 3.292953453832329e-16, 4.823731816154385e-15, -154.82414408032898
39, 2.662361623616236, 4.606956941021767e-06, -8.611976529386557e-06, 3.6039816460644275e-08, 6.49434185258463e-16, 9.513333200272619e-15, -151.874648544868
40, 2.7306273062730626, -0.00047550850868312484, -0.0024710080694040995, 9.285403749778328e-06, 4.310936139819871e-11, 6.314938885898297e-10, -103.65428410532627
41, 2.7988929889298895, 0.005687437137183073, 0.030040269475202757, 0.00011281890186981986, 6.3640523095560215e-09, 9.322476626430712e-08, -81.96266259311727
42, 2.867158671586716, -0.017226139135385527, -0.09411897574960523, 0.0003530715827803848, 6.232977128352307e-08, 9.130469198829595e-07, -72.05304466730432
43, 2.9354243542435423, 0.024138989432106156, 0.13624662180701014, 0.0005105847504735132, 1.3034839370804987e-07, 1.9094278213449464e-06, -68.84894316302547
44, 3.003690036900369, -0.024008722543155035, -0.14032821649561877, 0.0005253403181733685, 1.3799122494924804e-07, 2.021384970878174e-06, -68.60148530100861
45, 3.0719557195571956, 0.022223791325059535, 0.13449077758697697, 0.0005030058496977237, 1.265074424150645e-07, 1.8531630753774314e-06, -68.9788392425324
46, 3.140221402214022, -0.013893486911921635, -0.08730325713470673, 0.0003262061011142192, 5.3205210202070105e-08, 7.793844305276214e-07, -72.74045836667116
47, 3.208487084870849, 0.0038471343180251356, 0.025039572071127853, 9.348114122213886e-05, 4.369361882096735e-09, 6.400524702963324e-08, -83.59581984384232
48, 3.2767527675276753, -0.00023299960597884795, -0.0016418258308432561, 6.11910139229982e-06, 1.87217009246228e-11, 2.742476189498799e-10, -107.27654696804106
49, 3.3450184501845017, 9.147310267867031e-06, -1.1328633054915662e-06, 3.401178581210164e-08, 5.784007870641392e-16, 8.472789907804417e-15, -152.37771124742952
50, 3.4132841328413286, 9.036725666517688e-06, -4.648651200324859e-06, 3.749926697888464e-08, 7.030975119768339e-16, 1.0299428418687674e-14, -151.52984438882515
51, 3.481549815498155, 9.19891037990251e-06, -6.2053756735843105e-06, 4.0945551232196064e-08, 8.382690828541963e-16, 1.2279509267756064e-14, -150.7661655124964
52, 3.5498154981549814, 9.379665516265836e-06, -6.666738979304831e-06, 4.2463256365518834e-08, 9.01564070581888e-16, 1.3206695304199547e-14, -150.45003404258918
53, 3.6180811808118083, 9.113898126408568e-06, -6.983391349745431e-06, 4.236813111398745e-08, 8.975292670460158e-16, 1.3147590884836231e-14, -150.46951380845076
54, 3.6863468634686347, 1.2106501776046356e-05, -6.372962415194064e-06, 5.0485050104188356e-08, 1.2743701420112044e-15, 1.8667800458650615e-14, -148.94704412435803
55, 3.754612546125461, -0.00027708301772823795, -8.862531824183363e-05, 1.0734738203791257e-06, 5.761730215196776e-13, 8.440156153072034e-12, -122.39447080799508
56, 3.822878228782288, 0.0019424336661906716, 0.0005526416715936797, 7.4521036264771536e-06, 2.7766924229876972e-11, 4.067479170971167e-10, -105.56472224822039
57, 3.8911439114391144, -0.004383730516473045, -0.0013091502908856682, 1.6882057033766902e-05, 1.4250192484567926e-10, 2.0874606288204908e-09, -98.46179269380303
58, 3.959409594095941, 0.005349114248044487, 0.0016066734234685953, 2.060958210071209e-05, 2.1237743718299606e-10, 3.1110424581941583e-09, -96.7289162425449
59, 4.027675276752768, -0.0053332891132768885, -0.0016589054699676902, 2.061008335237421e-05, 2.123877678959063e-10, 3.1111937891778706e-09, -96.72870499305654
60, 4.095940959409594, 0.004714773477017919, 0.0014734841912407758, 1.822752905197487e-05, 1.6612140767029395e-10, 2.4334541339810624e-09, -97.79574397446275
61, 4.1642066420664205, -0.002376892551614022, -0.0007775449582309536, 9.228187203333617e-06, 4.257971952988516e-11, 6.237353509512907e-10, -103.70797203560551
62, 4.232472324723247, 0.0004729733650339422, 0.0001410960947112726, 1.8212936326994413e-06, 1.6585552482557637e-12, 2.4295593096070916e-11, -117.80270057088138
63, 4.300738007380073, 5.6378070844854315e-06, -1.3032732980770155e-05, 5.2398133888409166e-08, 1.3727822174938266e-15, 2.0109404375179835e-14, -148.6239835514683
64, 4.369003690036901, 1.7388034984413072e-05, -9.939950962730714e-06, 7.390641748712001e-08, 2.731079272890239e-15, 4.000662070017593e-14, -145.6366569375293
65, 4.437269372693727, 1.7446948316412344e-05, -1.065015373237752e-05, 7.54268978780184e-08, 2.844608461750509e-15, 4.16696698991561e-14, -145.4597750241591
66, 4.5055350553505535, 1.7613176428083123e-05, -1.0625595465087533e-05, 7.590427097743579e-08, 2.8807291763080007e-15, 4.219878955564693e-14, -145.4049756878087
67, 4.57380073800738, 1.6143750449939683e-05, -8.461359848816922e-06, 6.725746849641431e-08, 2.2617835342730816e-15, 3.313207231286514e-14, -146.45548961908008
68, 4.642066420664206, 1.0087276239887139e-05, -1.1615792884263456e-06, 3.7468397086881704e-08, 7.019403901301227e-16, 1.0282478147311526e-14, -151.53699767267287
69, 4.710332103321033, 0.00031152488086577006, -0.00033103934116228396, 1.6773837750180076e-06, 1.406808164346831e-12, 2.060783851556709e-11, -118.51765119939621
70, 4.77859778597786, -0.007406164819725635, 0.008034949267428076, 4.0323119809748846e-05, 8.129769955956799e-10, 1.1909014367915094e-08, -90.89921743246282
71, 4.8468634686346865, 0.03204777824824135, -0.03430913731455817, 0.0001732423003246418, 1.5006447310886694e-08, 2.198241741216375e-07, -78.23722112280466
72, 4.915129151291513, -0.05622507843891823, 0.05952860253493586, 0.0003021532805793578, 4.5648302482434064e-08, 6.686859444724125e-07, -73.40575367882566
73, 4.983394833948339, 0.06139843440296012, -0.06423086074068511, 0.00032788155508573104, 5.375315708271864e-08, 7.87411111860365e-07, -72.69596023257225
74, 5.051660516605166, -0.061014083488148754, 0.06311719437892585, 0.0003239360344365451, 5.246727720323727e-08, 7.685747093014756e-07, -72.80111472990373
75, 5.119926199261992, 0.046956737763436264, -0.04799237009126433, 0.0002477607070544983, 3.0692683980072465e-08, 4.496063437080885e-07, -75.12965132201353
76, 5.1881918819188195, -0.017984636949038926, 0.01818815479306556, 9.438535485979972e-05, 4.4542976060051595e-09, 6.524944060688639e-08, -83.51220769715997
77, 5.256457564575646, 0.002124986437841918, -0.0021083174931146114, 1.1045834397999726e-05, 6.100522877401699e-11, 8.936441620410057e-10, -102.14632939900982
78, 5.324723247232472, 3.0202185893484965e-05, -1.4862266765404764e-05, 1.242101175233778e-07, 7.714076647585662e-15, 1.130007984592278e-13, -141.12716050269287
79, 5.392988929889299, 3.335358853582328e-05, -1.6960658759537446e-05, 1.3807474201937102e-07, 9.53231719185793e-15, 1.3963556535099994e-13, -140.2080151475386
80, 5.461254612546125, 2.9922610082280605e-05, -1.2696404678135306e-05, 1.199438695972696e-07, 7.193265926983406e-15, 1.0537162520067584e-13, -141.43073884021933
81, 5.529520295202952, 3.0226445508925444e-05, -1.2366145460131963e-05, 1.205100497855124e-07, 7.261336049653338e-15, 1.0636876051113808e-13, -141.3898346392688
82, 5.597785977859779, 3.143959544972046e-05, -1.3933291193439626e-05, 1.268956834353343e-07, 8.051257237260286e-15, 1.1794003844851554e-13, -140.94136297449347
83, 5.666051660516605, 3.2976418350992375e-05, -1.5951090841087782e-05, 1.3517232580060644e-07, 9.135778831172647e-15, 1.3382681422961012e-13, -140.39254422842092
84, 5.734317343173432, -0.00020994112995421137, -0.0006635639347394298, 2.568203050762486e-06, 3.2978334549728704e-12, 4.8308803583656637e-11, -114.81771280593443
85, 5.802583025830258, 0.0026881944306036743, 0.0071027599450900775, 2.8023780654340968e-05, 3.926661410813075e-10, 5.752028336920775e-09, -94.05976545573267
86, 5.870848708487085, -0.00770797135161431, -0.021203698097843168, 8.325181507284446e-05, 3.4654323564615458e-09, 5.076390100546372e-08, -84.6024257394925
87, 5.939114391143911, 0.010741544344203496, 0.02977241290192933, 0.00011679286500473824, 6.820286658007505e-09, 9.990798293621804e-08, -81.66197371476284
88, 6.007380073800738, -0.010721410295269447, -0.03055088901538999, 0.00011947433796578748, 7.1370587161816034e-09, 1.0454826551811969e-07, -81.46480730312038
89, 6.075645756457565, 0.01009357041578755, 0.02900662125500522, 0.00011333065383538818, 6.421918549378292e-09, 9.4072428480082e-08, -81.9233520698812
90, 6.143911439114391, -0.006142370525048519, -0.018251870446540166, 7.106166971598432e-05, 2.5248804514118213e-09, 3.698608661257316e-08, -85.97759180128008
91, 6.212177121771218, 0.0017004226801488446, 0.004925456941174975, 1.9227735074326096e-05, 1.8485289804423498e-10, 2.707845155134469e-09, -97.33173736355394
92, 6.280442804428044, -3.836126695121989e-05, -0.000307542963742027, 1.1436391852501277e-06, 6.539552930197879e-13, 9.579561319370946e-12, -121.84451940755963
93, 6.3487084870848705, 5.805657042143904e-05, -2.1942316685155212e-05, 2.2902114155222655e-07, 2.6225341638942496e-14, 3.841658153596441e-13, -135.81278845519873
94, 6.416974169741698, 6.0742953566539344e-05, -2.4773776506346712e-05, 2.420688509680554e-07, 2.9298664304497305e-14, 4.2918583927128483e-13, -135.331521782264
95, 6.485239852398524, 6.534330939165795e-05, -2.6559327980328624e-05, 2.602757001886016e-07, 3.387172005433341e-14, 4.961749262013164e-13, -134.7016274870116
96, 6.553505535055351, 7.542504609938096e-05, -2.7445306534736012e-05, 2.961741963064975e-07, 4.3859577278899863e-14, 6.424835374368574e-13, -133.5793555839324
97, 6.621771217712177, 0.00010144801332844552, -2.6726229970046733e-05, 3.8711970788505105e-07, 7.493083411650363e-14, 1.097635461922837e-12, -131.25339432887304
98, 6.6900369003690034, -1.1831514756386041e-05, -3.9990656761914704e-05, 1.5388990736562759e-07, 1.184105179450072e-14, 1.734554073680916e-13, -139.2660971921278
99, 6.75830258302583, 0.00955298099463668, 0.000983158767236297, 3.543704551361922e-05, 6.2789209736716e-10, 9.197770723594614e-09, -92.02114982925778
100, 6.826568265682657, -0.05878825773066075, -0.006694050518831389, 0.00021833264388368024, 2.3834571692618967e-08, 3.4914426641620216e-07, -76.22792647940986
101, 6.894833948339484, 0.1284629224899548, 0.015238365996137013, 0.0004773563042156711, 1.1393452058722217e-07, 1.6689867610344437e-06, -69.43344670748701
102, 6.96309963099631, -0.15257573972811275, -0.019103183713844906, 0.0005674058763728529, 1.609747142712226e-07, 2.358062030675747e-06, -67.93242337104243
103, 7.031365313653136, 0.15292240616060096, 0.019941984922975508, 0.0005690671621742901, 1.6191871753254988e-07, 2.3718904027741087e-06, -67.90702944629959
104, 7.099630996309963, -0.13198075983666355, -0.018095614328155245, 0.000491570149269227, 1.2082060582628502e-07, 1.769858604266121e-06, -69.17858990934371
105, 7.167896678966789, 0.06467759410557368, 0.009157803901432598, 0.00024104321343445092, 2.9050915371403128e-08, 4.2555665219731065e-07, -75.36840178781874
106, 7.236162361623617, -0.011390422618377045, -0.0017599471446993905, 4.252983903651307e-05, 9.043936042358555e-10, 1.3248144148536044e-08, -90.43642517594807
107, 7.304428044280443, 0.0003646164835854031, -1.7995924144070923e-05, 1.3470860321999569e-06, 9.073203890741116e-13, 1.329101759130185e-11, -120.422393296574
108, 7.372693726937269, 0.00016012180697604411, -5.4943765540827655e-05, 6.246722476756063e-07, 1.9510770850804704e-13, 2.8580642705773376e-12, -127.09725571731191
109, 7.440959409594096, 0.00019774654029773749, -5.452936104472175e-05, 7.569267325168158e-07, 2.864690391992916e-13, 4.196384303946379e-12, -125.42922308535985
110, 7.509225092250922, 0.00022035245922769273, -5.611524416224203e-05, 8.390605716340603e-07, 3.5201132143543806e-13, 5.1564901680542545e-12, -124.53443368459742
111, 7.577490774907749, 0.0002376513869119694, -5.59405370313749e-05, 9.009096841928546e-07, 4.058191295362345e-13, 5.944701843476732e-12, -123.9166748501037
112, 7.645756457564576, 0.0002514944076490664, -4.963846073053133e-05, 9.459272223428422e-07, 4.4738915498462237e-13, 6.553646540585549e-12, -123.49314547703449
113, 7.714022140221402, 0.0007276788571164624, -0.0007615612461457802, 3.886805482077663e-06, 7.553628427754486e-12, 1.1065044886061976e-10, -111.21844382461211
114, 7.782287822878229, -0.009377221045995508, 0.014845317393582406, 6.479306814153547e-05, 2.099070839596829e-09, 3.0748551217877877e-08, -86.77972904568213
115, 7.850553505535055, 0.039738470485657575, -0.05999761665726286, 0.00026555091139776377, 3.5258643272091494e-08, 5.164914771209078e-07, -74.52734403062799
116, 7.918819188191882, -0.06649780526535345, 0.10033800115568756, 0.0004441810179941681, 9.864838837316774e-08, 1.4450655810339706e-06, -70.05910005458495
117, 7.987084870848708, 0.0726578462461725, -0.10723725122055575, 0.0004779842928643841, 1.1423449211253266e-07, 1.673380938513316e-06, -69.42202744843112
118, 8.055350553505535, -0.07130636992830446, 0.10500770894090451, 0.00046837627371929485, 1.096881668915859e-07, 1.6067834177091772e-06, -69.59840221384974
119, 8.123616236162361, 0.054340957648043885, -0.07798396711768897, 0.00035073677100238616, 6.150814126659014e-08, 9.010111504457257e-07, -72.11067396856275
120, 8.191881918819188, -0.019161031204702104, 0.028068006957641646, 0.00012540470460954011, 7.863169969103006e-09, 1.1518481414199538e-07, -81.04402336587874
121, 8.260147601476016, 0.00272918146754221, -0.003085499291925138, 1.5200415975936666e-05, 1.1552632292075531e-10, 1.6923045141364695e-09, -99.37319049566284
122, 8.328413284132841, 0.0007105761604744491, -0.00013663581195847595, 2.670087408652508e-06, 3.564683384922333e-12, 5.221779444940282e-11, -114.47979038122774
123, 8.396678966789668, 0.000800660758271648, -0.0001466185185918844, 3.0035962881691e-06, 4.510795331151598e-12, 6.607705593200449e-11, -113.4574687774999
124, 8.464944649446494, 0.0009037894828113419, -0.00015455535570309316, 3.3834293983721873e-06, 5.723797246884591e-12, 8.384589480571482e-11, -112.42315758580808
125, 8.533210332103321, 0.001029595641210898, -0.00017021793371295137, 3.850817084598123e-06, 7.414396109516394e-12, 1.0861088355021312e-10, -111.29924215773158
126, 8.601476014760147, 0.001178989496889457, -0.00019272833142817207, 4.408259063156644e-06, 9.716373983951348e-12, 1.423317486297738e-10, -110.12495777518555
127, 8.669741697416974, 0.001359717083498418, -0.0002171951805419621, 5.081013717126086e-06, 1.2908350196811721e-11, 1.890898866668095e-10, -108.89129260925412
128, 8.738007380073801, 0.00041970296266335917, -0.00221503477437135, 8.318991271818707e-06, 3.460280789029791e-11, 5.068843750416612e-10, -104.60888658381101
129, 8.806273062730627, 0.013276326970173584, 0.019418201895694417, 8.68004159290507e-05, 3.7671561027281e-09, 5.5183746153476485e-08, -84.2398638320826
130, 8.874538745387454, -0.02974774348442904, -0.056049694620272754, 0.0002341501134790091, 2.741313782111642e-08, 4.0156542429851615e-07, -75.62041250472879
131, 8.94280442804428, 0.04565972645863849, 0.07589447771841554, 0.0003268294318840213, 5.3408738772816054e-08, 7.823658490504405e-07, -72.7238767760985
132, 9.011070110701107, -0.04030200441956707, -0.07823394595468622, 0.00032474005868666773, 5.2728052857910204e-08, 7.723947202429008e-07, -72.77958266003614
133, 9.079335793357934, 0.044028156671481, 0.07286789469459083, 0.00031415650203738855, 4.934715388618386e-08, 7.228691190895041e-07, -73.067378903534
134, 9.14760147601476, -0.0196401936095389, -0.045035845967962285, 0.0001812993136892318, 1.6434720572093234e-08, 2.407464472993117e-07, -77.84237675520882
135, 9.215867158671587, 0.011575442041752744, 0.010807410822149706, 5.8436833050175446e-05, 1.7074317284670387e-09, 2.501156748186851e-08, -87.67656652532406
136, 9.284132841328413, 0.0063426244042548265, -0.0012630895654591199, 2.3864093594427002e-05, 2.8474748154178594e-10, 4.1711658106931884e-09, -95.4554010836332
137, 9.35239852398524, 0.007937162252586595, -0.000770556429861276, 2.9426118651034313e-05, 4.329482294323747e-10, 6.34210649600938e-09, -93.63564032090179
138, 9.420664206642066, 0.008955737359368882, -0.0008249219834858071, 3.318689782648269e-05, 5.506850936727008e-10, 8.066792453259563e-09, -92.59096679144845
139, 9.488929889298893, 0.008299794146969141, -0.0007190517317524405, 3.0741267169878685e-05, 4.725127536049306e-10, 6.921673309564117e-09, -93.25586464942029
140, 9.55719557195572, 0.0011030875406712489, -9.427789551202912e-05, 4.085273239523852e-06, 8.344728720784855e-12, 1.2223899909906463e-10, -110.78587777256898
141, 9.625461254612546, -0.026023444816941202, 0.0019295547216026168, 9.629107713514105e-05, 4.635985767922842e-09, 6.791092665443731e-08, -83.33857905953062
142, 9.693726937269373, 0.19715484273157594, -0.01352516635154187, 0.0007292185357618415, 2.6587983644932206e-07, 3.894780306906285e-06, -65.75314597045403
143, 9.761992619926199, -13.36836661705529, 0.83878775167191, 0.04942677236529336, 0.0012215029132252636, 0.017893366999137645, -29.131054929180124
144, 9.830258302583026, 77.40223462098264, -4.40634365874281, 0.28607953885206455, 0.04092075127490496, 0.599433707864824, -13.880564015593272
145, 9.898523985239853, -161.7576815551868, 8.268155260242196, 0.5976710510169787, 0.17860534261186997, 2.6163269106927975, -7.481055542260238
146, 9.966789667896679, 188.78033240561913, -8.552654938813486, 0.6973209271186727, 0.2431282376988226, 3.561500130615185, -6.141645978633989
147, 10.035055350553506, -188.73636805092212, 7.454694018757835, 0.6969872071246492, 0.24289558344770934, 3.5580920602340123, -6.145803818672736
148, 10.103321033210332, 160.20879301016564, -5.398080938787469, 0.5915118405240058, 0.17494312874004847, 2.5626804264082774, -7.57103110676841
149, 10.171586715867159, -75.0757632123593, 2.0939997298687216, 0.2771400747879255, 0.038403310526728476, 0.5625566028509955, -14.156313360095833
150, 10.239852398523984, 12.509176802292352, -0.2763821602353371, 0.04617058919625443, 0.001065861653364643, 0.01561343286820639, -29.722991621757625
151, 10.308118081180812, -0.15721601047536052, 0.0025284344114193695, 0.0005802079003607104, 1.68320603820492e-07, 2.4656693856947743e-06, -67.7386271956867
152, 10.376383763837639, 0.025096942666147475, -0.0003030304103543539, 9.261539503312518e-05, 4.2888056985709145e-09, 6.282520780068744e-08, -83.67663628731765
153, 10.444649446494465, -0.0014703522213082311, -3.6533983925599305e-05, 5.427328535028165e-06, 1.4727947513565486e-11, 2.1574452844195927e-10, -108.31857772209739
154, 10.512915129151292, -0.008416977642733107, -4.3326311781750026e-05, 3.1059369567829764e-05, 4.823422189755149e-10, 7.065661694181866e-09, -93.1664472301357
155, 10.581180811808117, -0.009025170270262244, -3.7328630835972326e-05, 3.330349618682541e-05, 5.545614291329473e-10, 8.123575529461011e-09, -92.56050339765814
156, 10.649446494464945, -0.008051757595968063, 8.474366522915798e-05, 2.9712928197252162e-05, 4.414290510275313e-10, 6.4663390718087016e-09, -93.55139088741694
157, 10.717712177121772, 0.0016629954539622337, -0.019826887898746787, 7.341884936087648e-05, 2.6951637207375362e-09, 3.948050639566877e-08, -85.69414847971407
158, 10.785977859778598, -0.16298447439908148, 0.3658173999600995, 0.001477795554015889, 1.0919398497345642e-06, 1.599544320421983e-05, -59.61801284385723
159, 10.854243542435425, 0.6020768563680137, -1.3876090595045465, 0.005581545769523554, 1.557682658864314e-05, 0.00022817945975796164, -48.07521014918842
160, 10.92250922509225, -1.001487638011721, 2.2463793080457766, 0.009075688691541822, 4.1184062612890056e-05, 0.0006032908631401732, -43.85270814509294
161, 10.990774907749078, 1.0676337412179349, -2.373853695530609, 0.009604750805916516, 4.612561902187699e-05, 0.0006756779867529007, -43.36057792410522
162, 11.059040590405903, -1.0656961562661407, 2.320612099385793, 0.009422933033890347, 4.4395833480590966e-05, 0.0006503389661210893, -43.52657786220863
163, 11.12730627306273, 0.7763403108857021, -1.6740166911966274, 0.006809129176922976, 2.3182120074011883e-05, 0.00033958673189498484, -46.34846849030695
164, 11.195571955719558, -0.27417830244129704, 0.5765726868880133, 0.0023558792129159587, 2.7750834329247583e-06, 4.065122217960051e-05, -55.56723955274951
165, 11.263837638376383, 0.024850587538274422, -0.05531572362536191, 0.00022376905198175326, 2.5036294312406296e-08, 3.6674787884660033e-07, -76.01429951770334
166, 11.33210332103321, -0.0013127043414458397, -0.0002595690165489127, 4.9377171794600845e-06, 1.2190525472167626e-11, 1.785747244841852e-10, -109.13977573729916
167, 11.400369003690036, -0.001172753842064709, -0.0001650270598105349, 4.370140323729312e-06, 9.549063224542467e-12, 1.398808721000545e-10, -110.20039231177188
168, 11.468634686346864, -0.001067708348215086, -6.25158149940101e-05, 3.946630909372927e-06, 7.78794776740889e-12, 1.1408291053880048e-10, -111.08576969889828
169, 11.53690036900369, -0.000947719475101475, -3.373043188656028e-05, 3.499334087333886e-06, 6.122669527388441e-12, 8.968883469850093e-11, -112.13059181084418
170, 11.605166051660516, -0.0008290541360245078, -1.888195335489019e-05, 3.060033687035285e-06, 4.68190308289538e-12, 6.858355326835935e-11, -113.29577580600818
171, 11.673431734317344, -0.0007332929691361461, -2.0597228110173067e-05, 2.706945337739499e-06, 3.663776530754805e-12, 5.366937512619201e-11, -114.36071023655877
172, 11.74169741697417, 0.0036172838198934546, 0.005031543056458167, 2.2866670024574273e-05, 2.614422990063818e-10, 3.8297763800394304e-09, -95.82624146139892
173, 11.809963099630997, -0.03893821919014978, -0.04599418697993112, 0.00022237333607168016, 2.4724950297824204e-08, 3.621871097681275e-07, -76.06864572750091
174, 11.878228782287822, 0.10176352436076638, 0.12400051444721376, 0.0005919254255331037, 1.7518785469627296e-07, 2.5662653309562143e-06, -67.56496005595014
175, 11.94649446494465, -0.13513831949275845, -0.16527631195283135, 0.0007877915484844081, 3.1030776193173074e-07, 4.545589377486434e-06, -65.08207360987026
176, 12.014760147601477, 0.1350828735981565, 0.1682178709912542, 0.000796096148741099, 3.1688453902020503e-07, 4.641930274295976e-06, -64.99098949771556
177, 12.083025830258302, -0.1252181357672722, -0.15688962214026794, 0.0007407139949162371, 2.743286111323857e-07, 4.0185434387500815e-06, -65.61728895242989
178, 12.15129151291513, 0.07198213881316187, 0.09193634100424337, 0.0004308616895570062, 9.2820897763959e-08, 1.3597007185963723e-06, -70.32354235399342
179, 12.219557195571955, -0.017589450497140006, -0.022262323891696488, 0.0001046956420303155, 5.480588730069982e-09, 8.028321869453866e-08, -82.6117278668216
180, 12.287822878228782, 0.00044944958213694275, 0.0009268051520071227, 3.8008682610683482e-06, 7.223299768998365e-12, 1.0581158039992199e-10, -111.4126436142098
181, 12.35608856088561, -0.00027889145056793417, -5.37203125801031e-05, 1.0480374776124837e-06, 5.491912772401686e-13, 8.044910061193821e-12, -122.60276369243996
182, 12.424354243542435, -0.00024295378781358722, -3.478596611673318e-05, 9.056511807011749e-07, 4.1010203055271613e-13, 6.0074405556641116e-12, -123.87108080369535
183, 12.492619926199263, -0.00021903086634054715, -2.7738888345201434e-05, 8.146876667092607e-07, 3.318579971440897e-13, 4.861271201408016e-12, -124.79047712228052
184, 12.560885608856088, -0.00020268005903917595, -2.531942882090222e-05, 7.537100658830027e-07, 2.8403943170668013e-13, 4.160793837432989e-12, -125.4662136493929
185, 12.629151291512915, -0.00019419894047804746, -2.3026367193031277e-05, 7.216210544609006e-07, 2.6036847312063107e-13, 3.814046281929244e-12, -125.84411603739242
186, 12.697416974169741, -9.82405933633751e-05, -4.275208014910746e-05, 3.953501219814825e-07, 7.815085947538654e-14, 1.1448044820448514e-12, -131.07066241402117
187, 12.765682656826568, -0.004027956451099071, 0.0008900005528417104, 1.522180885334465e-05, 1.1585173238388078e-10, 1.69707132302874e-09, -99.36097467621656
188, 12.833948339483396, 0.020729405614272618, -0.004832735561262644, 7.85435072463033e-05, 3.084541265275049e-09, 4.5184361237272334e-08, -85.10809415349854
189, 12.902214022140221, -0.042023971038893715, 0.009367838353824416, 0.00015887614623668036, 1.2620814921509521e-08, 1.8487788344481514e-07, -78.98912601947002
190, 12.970479704797048, 0.04789408619943763, -0.010499137745035327, 0.00018092756992621852, 1.6367392779703347e-08, 2.3976018612430305e-07, -77.86020495393637
191, 13.038745387453874, -0.04808860408061431, 0.010150024511439428, 0.0001813583441170579, 1.6445424490440595e-08, 2.40903245238346e-07, -77.83954911997279
192, 13.107011070110701, 0.03980408807304548, -0.00824634778562605, 0.000149997511774693, 1.1249626769299584e-08, 1.64791829971902e-07, -79.48861885972397
193, 13.175276752767529, -0.01803162928555124, 0.00356305662217581, 6.782394499684846e-05, 2.300043757467763e-09, 3.36925328796629e-08, -86.38263901614572
194, 13.243542435424354, 0.002674101656214556, -0.0005595393201126954, 1.0081234783532926e-05, 5.081564738035708e-11, 7.443805643284739e-10, -102.94002537232288
195, 13.311808118081181, -0.00011740713580285187, -1.674296348801496e-05, 4.3761974478224186e-07, 9.575552051163725e-14, 1.4026889761434429e-12, -130.18836178626924
196, 13.380073800738007, -8.216534163997709e-05, -2.202528880251413e-05, 3.1389738077939863e-07, 4.926578283008339e-14, 7.216771430785188e-13, -133.0745461190837
197, 13.448339483394834, -8.331620695185844e-05, -2.0523875851122043e-05, 3.1663053556132564e-07, 5.012744802492595e-14, 7.342993737705368e-13, -132.99924404640964
198, 13.51660516605166, -8.030497074517169e-05, -1.9247995052945813e-05, 3.047213981855013e-07, 4.642756525606342e-14, 6.801010910482803e-13, -133.33224090910218
199, 13.584870848708487, -7.676024119547282e-05, -1.5692134340662717e-05, 2.891062717372135e-07, 4.179121817889576e-14, 6.121848717016621e-13, -133.78914969352624
200, 13.653136531365314, -7.430701676927463e-05, -7.520522628817479e-06, 2.7559637869309074e-07, 3.797668197437274e-14, 5.563070710840547e-13, -134.2048298228381
201, 13.72140221402214, 0.00042784589035623914, -0.002124902140392646, 7.998329447434679e-06, 3.1986636974850363e-11, 4.685610064964566e-10, -104.9503141856053
202, 13.789667896678967, -0.008351845042691179, 0.034314361898101844, 0.0001303178077232892, 8.491365504902088e-09, 1.243870298285657e-07, -80.71022464813943
203, 13.857933579335793, 0.030391310280949765, -0.12303734759566244, 0.0004676577061517067, 1.0935186506153801e-07, 1.6018570503609082e-06, -69.61173805410735
204, 13.92619926199262, -0.04893230465210139, 0.19262932367925806, 0.0007333842908541017, 2.689262590357868e-07, 3.939406281010715e-06, -65.70366789455574
205, 13.994464944649447, 0.052384194412077784, -0.2018023910432281, 0.000769337817707198, 2.959403388772369e-07, 4.33512604517466e-06, -65.28795833224788
206, 14.062730627306273, -0.052319097831376574, 0.19641630557488737, 0.0007500552858222033, 2.812914658949135e-07, 4.120539851757922e-06, -65.50843443700315
207, 14.1309963099631, 0.03744370415809913, -0.1377181015456997, 0.0005266331214495121, 1.3867122230382828e-07, 2.03134601320743e-06, -68.58013656384398
208, 14.199261992619926, -0.012613320702041863, 0.045090854221748994, 0.00017277417125247286, 1.492545712598941e-08, 2.1863777735908812e-07, -78.26072358741003
209, 14.267527675276753, 0.0010633745782518277, -0.0039207060427099314, 1.499022769004722e-05, 1.123534630997292e-10, 1.645826405406844e-09, -99.49413536667876
210, 14.335793357933579, -4.465934616497762e-05, -2.6533454504554017e-05, 1.9168601295872137e-07, 1.837176378200555e-14, 2.6912151269856776e-13, -137.35849147231417
211, 14.404059040590406, -4.564231061318518e-05, -2.0040126104818778e-05, 1.839411099930449e-07, 1.6917165972736722e-14, 2.478136204654947e-13, -137.71672389848447
212, 14.472324723247233, -4.5325253325623645e-05, -1.4635885944658016e-05, 1.7575532825381895e-07, 1.5444967704803825e-14, 2.2624790529739656e-13, -138.1121299546484
213, 14.540590405904059, -4.0117440383485445e-05, -9.999512466531074e-06, 1.5256414043992654e-07, 1.1637908474086815e-14, 1.7047963224202847e-13, -139.3412506262253
214, 14.608856088560886, -2.1876564229486563e-05, 4.109843330364585e-06, 8.213750892228439e-08, 3.373285185979174e-15, 4.941406948110033e-14, -144.71946940915325
215, 14.677121771217712, -3.3402926126737585e-05, -6.481601177154392e-06, 1.2555708450251043e-07, 7.882290734385273e-15, 1.154649075145086e-13, -141.0334755043837
216, 14.745387453874539, 0.007004741407602483, 0.005921798979744191, 3.3846732540739e-05, 5.728006518421601e-10, 8.390755494552723e-09, -92.41996496476575
217, 14.813653136531366, -0.0578865454592238, -0.049323368527558954, 0.00028062838169739857, 3.937614430705041e-08, 5.768073030924681e-07, -74.04766812020975
218, 14.881918819188192, 0.14729024864385568, 0.12705361420470176, 0.0007177765670662296, 2.576016001146908e-07, 3.7735153314097947e-06, -65.8905144364599
219, 14.950184501845019, -0.1893270761668702, -0.16519345058023774, 0.000927173579977418, 4.298254237040707e-07, 6.296361612097468e-06, -63.66707900040857
220, 15.018450184501845, 0.19018394829009994, 0.16793193064859716, 0.0009362160126597326, 4.3825021118024424e-07, 6.419773363775469e-06, -63.58277865960026
221, 15.086715867158672, -0.17334102740566096, -0.15481911814719698, 0.0008576146780710376, 3.6775146802144473e-07, 5.387062045070892e-06, -64.34445584943491
222, 15.154981549815497, 0.09690963915896711, 0.0876014072430189, 0.00048204770902438986, 1.1618499688783142e-07, 1.701953197654179e-06, -69.34849949308018
223, 15.223247232472325, -0.021833609388122763, -0.01994153985306011, 0.00010911355571138653, 5.952884019990926e-09, 8.72017064550022e-08, -82.25272578723002
224, 15.291512915129152, 0.0007630047184052162, 0.0007285404193365098, 3.892853118275366e-06, 7.577152700233122e-12, 1.1099504766287438e-10, -111.20493960447497
225, 15.359778597785978, -5.38902942261124e-05, -2.619058522323501e-05, 2.210979017539497e-07, 2.4442141079999594e-14, 3.5804433690161564e-13, -136.1186075348263
226, 15.428044280442805, -3.113438514446545e-05, -4.1739055685924155e-06, 1.1591482708188106e-07, 6.7181235687111935e-15, 9.841143173625586e-14, -141.727520122961
227, 15.49630996309963, -2.2285593381461687e-05, 2.2337450825019773e-06, 8.264671866384452e-08, 3.415240052950333e-15, 5.002865158646163e-14, -144.66578764893816
228, 15.564575645756458, -1.1879326547845848e-05, -5.738066030730325e-07, 4.388626107652463e-08, 9.630019556384404e-16, 1.4106677296109046e-14, -150.1637283092103
229, 15.632841328413285, 1.8943673159485227e-05, -1.4483491983247936e-05, 8.799281929893392e-08, 3.871368124087419e-15, 5.671031143933462e-14, -144.12135530138434
230, 15.70110701107011, -0.0004954266597729411, 0.00020689966666877533, 1.981158259366745e-06, 1.9624940243285353e-12, 2.8747885437461244e-11, -117.07191656980211
231, 15.769372693726938, 0.019572246391070226, -0.008321153041180971, 7.84785416952799e-05, 3.079440753308893e-09, 4.5109645629551885e-08, -85.11528147072522
232, 15.837638376383763, -0.09888663669730532, 0.04132001982787922, 0.00039546989781718623, 7.819822003976785e-08, 1.1454982503122749e-06, -71.06803132307219
233, 15.90590405904059, 0.1906071012121022, -0.07837525321226994, 0.0007604856066896747, 2.891691789910813e-07, 4.235937703058542e-06, -65.38847998055978
234, 15.974169741697416, -0.21506506854716642, 0.08695980807129623, 0.0008560169197103736, 3.6638248341521813e-07, 5.367008270568871e-06, -64.36065297935306
235, 16.042435424354245, 0.2145560383604632, -0.08532800895638544, 0.0008520323386333136, 3.629795530384768e-07, 5.317159939104173e-06, -64.40117838469854
236, 16.11070110701107, -0.1748381049883149, 0.06834516200615989, 0.0006926998768950024, 2.399165597251758e-07, 3.5144533884066286e-06, -66.19939774753884
237, 16.178966789667896, 0.07513567894131283, -0.028882834586724256, 0.00029703280618935933, 4.411424397636275e-08, 6.462140604105029e-07, -73.55421159250517
238, 16.247232472324722, -0.010780431541097197, 0.004062271960906203, 4.251072377442343e-05, 9.035808179126647e-10, 1.3236237927261195e-08, -90.44032997277026
239, 16.31549815498155, 4.249151882485327e-05, -2.4733086386163778e-05, 1.8142282234670444e-07, 1.645712023412194e-14, 2.4107457207821866e-13, -137.83646157935914
240, 16.383763837638377, -3.5202241739788234e-05, 3.869801068226165e-06, 1.306801018985084e-07, 8.53864451610227e-15, 1.250796034520927e-13, -140.68611066770026
241, 16.452029520295202, -9.436984628995294e-06, -5.578763999129808e-06, 4.0452514295820806e-08, 8.182029564267933e-16, 1.1985567631981675e-14, -150.871389555911
242, 16.52029520295203, -3.042221189165719e-06, -7.837543660505825e-06, 3.1023139064150286e-08, 4.812175786968038e-16, 7.0491872338829084e-15, -153.17658516428662
243, 16.588560885608857, -2.718008747004226e-06, -7.655214854178488e-06, 2.9975704457128264e-08, 4.492714288505496e-16, 6.581219309108051e-15, -153.47491199228227
244, 16.656826568265682, -4.0018359965931154e-06, -6.447576153631161e-06, 2.8001990253982705e-08, 3.920557290920712e-16, 5.743086626159529e-15, -154.0665219543638
245, 16.725092250922508, 6.890444464849789e-05, -0.0012135181016762562, 4.485139298279284e-06, 1.0058237262484596e-11, 1.4733958368288245e-10, -109.97478124076744
246, 16.793357933579337, -0.0011796644062914228, 0.017376164446680182, 6.426628046179888e-05, 2.0650774021972966e-09, 3.025059329705229e-08, -86.85063665694172
247, 16.861623616236162, 0.004313098803892216, -0.05897009027797308, 0.00021818306598746242, 2.380192514184469e-08, 3.486660385643195e-07, -76.23387915016288
248, 16.929889298892988, -0.007082730925552419, 0.08939139497483226, 0.0003308913221071159, 5.474453352289757e-08, 8.019334370110941e-07, -72.61659240494551
249, 16.998154981549817, 0.007884100220525032, -0.09293895011199614, 0.0003441799207830516, 5.922990893511384e-08, 8.676381254819378e-07, -72.27458935078252
250, 17.066420664206642, -0.008182072439455759, 0.08997208974565574, 0.00033337034326441433, 5.556789288411672e-08, 8.139945390051692e-07, -72.55176071203661
251, 17.134686346863468, 0.0059028450447004945, -0.06123044114110776, 0.00022699007881503059, 2.57622479402269e-08, 3.773821184757562e-07, -75.89016244361846
252, 17.202952029520294, -0.001967167327961795, 0.019030567586536148, 7.059767275793218e-05, 2.49201569941804e-09, 3.6504662407691284e-08, -86.03449225997961
253, 17.271217712177123, 0.00014268629412384122, -0.0014908248797381811, 5.526337785189294e-06, 1.5270204658005457e-11, 2.236878628280799e-10, -108.16155142298732
254, 17.339483394833948, -1.9833682655556766e-05, -1.3154389577517069e-05, 8.782077990907208e-08, 3.856244691918839e-15, 5.6488773595135424e-14, -144.1383541642416
255, 17.407749077490774, -2.191610090104237e-05, -1.2776660977119298e-05, 9.361053762572525e-08, 4.381466377288662e-15, 6.418256152676904e-14, -143.58380516668254
256, 17.476014760147603, -2.1521682855421103e-05, -1.1751955384441975e-05, 9.048428624767022e-08, 4.093703028875161e-15, 5.996721734190101e-14, -143.87883665727924
257, 17.54428044280443, -1.1567146618048626e-05, -6.145611278579642e-06, 4.833348584957127e-08, 1.1680629271853531e-15, 1.7110543419850308e-14, -149.32533759797934
258, 17.612546125461254, 2.9263158004630414e-05, 1.6950165937774303e-05, 1.2478876320924425e-07, 7.786117711646415e-15, 1.1405610269492855e-13, -141.0867903484184
259, 17.680811808118083, -4.1940540774415795e-05, -2.432892654930225e-05, 1.7891564025376946e-07, 1.6005403163708126e-14, 2.3445752742512985e-13, -137.95733381840466
260, 17.74907749077491, 0.01673791895531618, 0.009820005564550966, 7.16086283124227e-05, 2.563897824393353e-09, 3.75576384005729e-08, -85.91099286168172
261, 17.817343173431734, -0.1266030817532468, -0.07527106049073909, 0.0005435021373349605, 1.4769728664383515e-07, 2.1635656584042876e-06, -68.30627483066073
262, 17.88560885608856, 0.3079861688244939, 0.18553197555469556, 0.0013267599086633644, 8.801459276182095e-07, 1.2892948453218095e-05, -60.55445316139328
263, 17.95387453874539, -0.38656722338059435, -0.2359383359377413, 0.001671147260877774, 1.3963665837696435e-06, 2.0454883470355315e-05, -58.55000552766836
264, 18.022140221402214, 0.3879017600987513, 0.2398440137848047, 0.0016828871404660868, 1.4160545637730613e-06, 2.0743285772027005e-05, -58.489200119788755
265, 18.09040590405904, -0.3488994089345053, -0.21854179407030525, 0.0015191631999460602, 1.1539284140351767e-06, 1.690349190289367e-05, -59.3782113256142
266, 18.15867158671587, 0.18806142827883926, 0.1193112410659424, 0.0008218290686524582, 3.3770150904108346e-07, 4.9468707540612765e-06, -64.71466998687208
267, 18.226937269372694, -0.03974266945665747, -0.025548012259501138, 0.00017433933460741355, 1.5197101795677852e-08, 2.226170046826323e-07, -78.1823922746025
268, 18.29520295202952, 0.001207572206649239, 0.0007748045255682372, 5.294338470535246e-06, 1.4015009920294746e-11, 2.0530095612972303e-10, -108.53406590495366
269, 18.363468634686345, -4.796273488429289e-05, -4.555556554227427e-05, 2.44093458314988e-07, 2.979080819608539e-14, 4.3639508222373736e-13, -135.25917714631916
270, 18.431734317343174, 5.913623163935457e-06, -1.1961148893420806e-05, 4.9236767008416035e-08, 1.2121296127205228e-15, 1.7756060813365494e-14, -149.16450938684866
271, 18.5, 1.9416480144733453e-05, 2.291014328823028e-13, -1.0, -1.0, -1.0, -1.0
272, 18.568265682656826, 5.913622661694652e-06, 1.1961150478486618e-05, -1.0, -1.0, -1.0, -1.0
273, 18.636531365313655, -4.796273337685549e-05, 4.555556585809964e-05, -1.0, -1.0, -1.0, -1.0
274, 18.70479704797048, 0.0012075722048306913, -0.0007748045244102514, -1.0, -1.0, -1.0, -1.0
275, 18.773062730627306, -0.03974266945635101, 0.025548012258789773, -1.0, -1.0, -1.0, -1.0
276, 18.84132841328413, 0.188061428279898, -0.11931124106403451, -1.0, -1.0, -1.0, -1.0
277, 18.90959409594096, -0.3488994089336606, 0.21854179407067997, -1.0, -1.0, -1.0, -1.0
278, 18.977859778597786, 0.3879017600992035, -0.23984401378469983, -1.0, -1.0, -1.0, -1.0
279, 19.04612546125461, -0.38656722338114263, 0.23593833594003275, -1.0, -1.0, -1.0, -1.0
280, 19.11439114391144, 0.3079861688238841, -0.1855319755560612, -1.0, -1.0, -1.0, -1.0
281, 19.182656826568266, -0.12660308175359683, 0.07527106049225658, -1.0, -1.0, -1.0, -1.0
282, 19.25092250922509, 0.016737918955795343, -0.009820005564653428, -1.0, -1.0, -1.0, -1.0
283, 19.319188191881917, -4.194053960091793e-05, 2.4328928820259022e-05, -1.0, -1.0, -1.0, -1.0
284, 19.387453874538746, 2.926315787245448e-05, -1.6950167215819342e-05, -1.0, -1.0, -1.0, -1.0
285, 19.45571955719557, -1.1567147304580591e-05, 6.145611150196099e-06, -1.0, -1.0, -1.0, -1.0
286, 19.523985239852397, -2.1521683670497157e-05, 1.1751954803369505e-05, -1.0, -1.0, -1.0, -1.0
287, 19.592250922509226, -2.1916101401061347e-05, 1.2776659290418562e-05, -1.0, -1.0, -1.0, -1.0
288, 19.660516605166052, -1.9833683302690744e-05, 1.3154388498459798e-05, -1.0, -1.0, -1.0, -1.0
289, 19.728782287822877, 0.00014268629243562245, 0.0014908248804951282, -1.0, -1.0, -1.0, -1.0
290, 19.797047970479706, -0.0019671673286258493, -0.019030567586937747, -1.0, -1.0, -1.0, -1.0
291, 19.865313653136532, 0.005902845044883248, 0.06123044114178261, -1.0, -1.0, -1.0, -1.0
292, 19.933579335793358, -0.008182072440992231, -0.08997208974352909, -1.0, -1.0, -1.0, -1.0
293, 20.001845018450183, 0.007884100219110958, 0.09293895010603466, -1.0, -1.0, -1.0, -1.0
294, 20.070110701107012, -0.007082730924644744, -0.08939139497073052, -1.0, -1.0, -1.0, -1.0
295, 20.138376383763838, 0.004313098802398251, 0.05897009027366495, -1.0, -1.0, -1.0, -1.0
296, 20.206642066420663, -0.001179664404417626, -0.017376164442262153, -1.0, -1.0, -1.0, -1.0
297, 20.274907749077492, 6.890444275262564e-05, 0.0012135181000831761, -1.0, -1.0, -1.0, -1.0
298, 20.343173431734318, -4.001836096576831e-06, 6.447577042751331e-06, -1.0, -1.0, -1.0, -1.0
299, 20.411439114391143, -2.718009290595611e-06, 7.65521299129971e-06, -1.0, -1.0, -1.0, -1.0
300, 20.47970479704797, -3.0422202001398653e-06, 7.837544797838986e-06, -1.0, -1.0, -1.0, -1.0
301, 20.547970479704798, -9.43698767316405e-06, 5.578759335150372e-06, -1.0, -1.0, -1.0, -1.0
302, 20.616236162361623, -3.5202240313468695e-05, -3.869800254474615e-06, -1.0, -1.0, -1.0, -1.0
303, 20.68450184501845, 4.249151766727236e-05, 2.4733088277689434e-05, -1.0, -1.0, -1.0, -1.0
304, 20.752767527675278, -0.010780431539144548, -0.004062271963951077, -1.0, -1.0, -1.0, -1.0
305, 20.821033210332104, 0.07513567894076795, 0.028882834587642646, -1.0, -1.0, -1.0, -1.0
306, 20.88929889298893, -0.1748381049900273, -0.06834516200636856, -1.0, -1.0, -1.0, -1.0
307, 20.957564575645755, 0.21455603836284667, 0.08532800895589719, -1.0, -1.0, -1.0, -1.0
308, 21.025830258302584, -0.2150650685477684, -0.08695980807102374, -1.0, -1.0, -1.0, -1.0
309, 21.09409594095941, 0.19060710121291194, 0.07837525321301543, -1.0, -1.0, -1.0, -1.0
310, 21.162361623616235, -0.09888663669647896, -0.041320019827929585, -1.0, -1.0, -1.0, -1.0
311, 21.230627306273064, 0.01957224639214325, 0.008321153042111555, -1.0, -1.0, -1.0, -1.0
312, 21.29889298892989, -0.0004954266602062472, -0.00020689966635173377, -1.0, -1.0, -1.0, -1.0
313, 21.367158671586715, 1.894367380603596e-05, 1.4483492472354527e-05, -1.0, -1.0, -1.0, -1.0
314, 21.435424354243544, -1.1879326916009294e-05, 5.738066200942659e-07, -1.0, -1.0, -1.0, -1.0
315, 21.50369003690037, -2.228559229118231e-05, -2.233745813045641e-06, -1.0, -1.0, -1.0, -1.0
316, 21.571955719557195, -3.113438441649598e-05, 4.173904427265177e-06, -1.0, -1.0, -1.0, -1.0
317, 21.64022140221402, -5.389029436796106e-05, 2.6190583144443203e-05, -1.0, -1.0, -1.0, -1.0
318, 21.70848708487085, 0.0007630047187388786, -0.00072854042058665, -1.0, -1.0, -1.0, -1.0
319, 21.776752767527675, -0.021833609387882886, 0.019941539852560704, -1.0, -1.0, -1.0, -1.0
320, 21.8450184501845, 0.09690963915815824, -0.0876014072428191, -1.0, -1.0, -1.0, -1.0
321, 21.91328413284133, -0.17334102740575846, 0.15481911814675428, -1.0, -1.0, -1.0, -1.0
322, 21.981549815498155, 0.19018394828979698, -0.16793193064950018, -1.0, -1.0, -1.0, -1.0
323, 22.04981549815498, -0.1893270761680956, 0.16519345057994966, -1.0, -1.0, -1.0, -1.0
324, 22.118081180811807, 0.14729024864452517, -0.12705361420482222, -1.0, -1.0, -1.0, -1.0
325, 22.186346863468636, -0.057886545459086995, 0.04932336852461194, -1.0, -1.0, -1.0, -1.0
326, 22.25461254612546, 0.007004741406740988, -0.00592179897871393, -1.0, -1.0, -1.0, -1.0
327, 22.322878228782287, -3.340292303759641e-05, 6.481600924881998e-06, -1.0, -1.0, -1.0, -1.0
328, 22.391143911439116, -2.1876562378501534e-05, -4.109843863284163e-06, -1.0, -1.0, -1.0, -1.0
329, 22.45940959409594, -4.011743908492544e-05, 9.999510004481923e-06, -1.0, -1.0, -1.0, -1.0
330, 22.527675276752767, -4.532525421376324e-05, 1.4635885884268542e-05, -1.0, -1.0, -1.0, -1.0
331, 22.595940959409592, -4.564231016906845e-05, 2.0040126258495566e-05, -1.0, -1.0, -1.0, -1.0
332, 22.66420664206642, -4.465934610846326e-05, 2.6533455122618207e-05, -1.0, -1.0, -1.0, -1.0
333, 22.732472324723247, 0.0010633745788452224, 0.003920706043721812, -1.0, -1.0, -1.0, -1.0
334, 22.800738007380073, -0.012613320701251794, -0.04509085422234701, -1.0, -1.0, -1.0, -1.0
335, 22.8690036900369, 0.0374437041590917, 0.13771810154677944, -1.0, -1.0, -1.0, -1.0
336, 22.937269372693727, -0.052319097830986164, -0.1964163055768001, -1.0, -1.0, -1.0, -1.0
337, 23.005535055350553, 0.0523841944128095, 0.20180239104437253, -1.0, -1.0, -1.0, -1.0
338, 23.07380073800738, -0.04893230465309085, -0.19262932367715324, -1.0, -1.0, -1.0, -1.0
339, 23.142066420664207, 0.030391310281725977, 0.123037347594077, -1.0, -1.0, -1.0, -1.0
340, 23.210332103321033, -0.008351845040653172, -0.0343143618973545, -1.0, -1.0, -1.0, -1.0
341, 23.27859778597786, 0.00042784588507937415, 0.002124902136166381, -1.0, -1.0, -1.0, -1.0
342, 23.346863468634687, -7.430701473092592e-05, 7.52052214624045e-06, -1.0, -1.0, -1.0, -1.0
343, 23.415129151291513, -7.676024472098801e-05, 1.5692132755714236e-05, -1.0, -1.0, -1.0, -1.0
344, 23.48339483394834, -8.030496706351332e-05, 1.9247996526351916e-05, -1.0, -1.0, -1.0, -1.0
345, 23.551660516605168, -8.331620983809831e-05, 2.0523870706890326e-05, -1.0, -1.0, -1.0, -1.0
346, 23.619926199261993, -8.216533722885526e-05, 2.2025294554060684e-05, -1.0, -1.0, -1.0, -1.0
347, 23.68819188191882, -0.00011740714042571725, 1.6742958492959623e-05, -1.0, -1.0, -1.0, -1.0
348, 23.756457564575644, 0.0026741016608419666, 0.000559539323381239, -1.0, -1.0, -1.0, -1.0
349, 23.824723247232473, -0.018031629289730945, -0.0035630566231882755, -1.0, -1.0, -1.0, -1.0
350, 23.8929889298893, 0.0398040880754507, 0.008246347784201465, -1.0, -1.0, -1.0, -1.0
351, 23.961254612546124, -0.04808860408269799, -0.010150024507783668, -1.0, -1.0, -1.0, -1.0
352, 24.029520295202953, 0.04789408619982317, 0.010499137744882639, -1.0, -1.0, -1.0, -1.0
353, 24.09778597785978, -0.04202397103726364, -0.009367838352077284, -1.0, -1.0, -1.0, -1.0
354, 24.166051660516604, 0.020729405612576263, 0.00483273556071761, -1.0, -1.0, -1.0, -1.0
355, 24.23431734317343, -0.00402795645156236, -0.0008900005531352468, -1.0, -1.0, -1.0, -1.0
356, 24.30258302583026, -9.824059358544089e-05, 4.275208078706485e-05, -1.0, -1.0, -1.0, -1.0
357, 24.370848708487085, -0.00019419894313030828, 2.3026364692482687e-05, -1.0, -1.0, -1.0, -1.0
358, 24.43911439114391, -0.00020268005813254097, 2.5319428583831225e-05, -1.0, -1.0, -1.0, -1.0
359, 24.50738007380074, -0.0002190308682311185, 2.773888841079431e-05, -1.0, -1.0, -1.0, -1.0
360, 24.575645756457565, -0.00024295379032178923, 3.478596465463849e-05, -1.0, -1.0, -1.0, -1.0
361, 24.64391143911439, -0.0002788914469620639, 5.3720313159679666e-05, -1.0, -1.0, -1.0, -1.0
362, 24.71217712177122, 0.00044944957982151175, -0.0009268051516793842, -1.0, -1.0, -1.0, -1.0
363, 24.780442804428045, -0.01758945049701253, 0.022262323891073268, -1.0, -1.0, -1.0, -1.0
364, 24.84870848708487, 0.07198213881220564, -0.09193634100380298, -1.0, -1.0, -1.0, -1.0
365, 24.916974169741696, -0.12521813576950866, 0.15688962213796417, -1.0, -1.0, -1.0, -1.0
366, 24.985239852398525, 0.1350828735978752, -0.16821787099072333, -1.0, -1.0, -1.0, -1.0
367, 25.05350553505535, -0.13513831949478589, 0.16527631195392078, -1.0, -1.0, -1.0, -1.0
368, 25.121771217712176, 0.10176352436331401, -0.12400051444657216, -1.0, -1.0, -1.0, -1.0
369, 25.190036900369005, -0.038938219193766506, 0.04599418698109691, -1.0, -1.0, -1.0, -1.0
370, 25.25830258302583, 0.0036172838207764145, -0.005031543055763413, -1.0, -1.0, -1.0, -1.0
371, 25.326568265682656, -0.0007332929724847603, 2.0597230451065955e-05, -1.0, -1.0, -1.0, -1.0
372, 25.394833948339482, -0.0008290541362757151, 1.8881952993499552e-05, -1.0, -1.0, -1.0, -1.0
373, 25.46309963099631, -0.0009477194743428322, 3.373043026852828e-05, -1.0, -1.0, -1.0, -1.0
374, 25.531365313653136, -0.0010677083482735282, 6.251581662668837e-05, -1.0, -1.0, -1.0, -1.0
375, 25.599630996309962, -0.001172753840702883, 0.0001650270571320601, -1.0, -1.0, -1.0, -1.0
376, 25.66789667896679, -0.0013127043392805165, 0.000259569019211346, -1.0, -1.0, -1.0, -1.0
377, 25.736162361623617, 0.024850587536176832, 0.05531572362655227, -1.0, -1.0, -1.0, -1.0
378, 25.804428044280442, -0.27417830244110886, -0.57657268688729, -1.0, -1.0, -1.0, -1.0
379, 25.872693726937268, 0.7763403108844561, 1.6740166911972092, -1.0, -1.0, -1.0, -1.0
380, 25.940959409594097, -1.065696156265615, -2.3206120993882267, -1.0, -1.0, -1.0, -1.0
381, 26.009225092250922, 1.0676337412211012, 2.3738536955299803, -1.0, -1.0, -1.0, -1.0
382, 26.077490774907748, -1.0014876380124875, -2.2463793080461403, -1.0, -1.0, -1.0, -1.0
383, 26.145756457564577, 0.6020768563688599, 1.3876090595058725, -1.0, -1.0, -1.0, -1.0
384, 26.214022140221402, -0.16298447440389077, -0.36581739996167156, -1.0, -1.0, -1.0, -1.0
385, 26.282287822878228, 0.0016629954561854167, 0.01982688789666958, -1.0, -1.0, -1.0, -1.0
386, 26.350553505535057, -0.008051757596216142, -8.474366484631237e-05, -1.0, -1.0, -1.0, -1.0
387, 26.418819188191883, -0.009025170269036839, 3.732863428973888e-05, -1.0, -1.0, -1.0, -1.0
388, 26.487084870848708, -0.008416977642836741, 4.3326311011308414e-05, -1.0, -1.0, -1.0, -1.0
389, 26.555350553505534, -0.001470352220589994, 3.6533985751632255e-05, -1.0, -1.0, -1.0, -1.0
390, 26.623616236162363, 0.02509694266758123, 0.00030303040732038237, -1.0, -1.0, -1.0, -1.0
391, 26.69188191881919, -0.15721601047438782, -0.0025284344121144615, -1.0, -1.0, -1.0, -1.0
392, 26.760147601476014, 12.509176802289947, 0.27638216023754303, -1.0, -1.0, -1.0, -1.0
393, 26.828413284132843, -75.07576321235729, -2.0939997298771544, -1.0, -1.0, -1.0, -1.0
394, 26.89667896678967, 160.20879301016365, 5.398080938808548, -1.0, -1.0, -1.0, -1.0
395, 26.964944649446494, -188.73636805092244, -7.454694018779285, -1.0, -1.0, -1.0, -1.0
396, 27.03321033210332, 188.78033240561876, 8.552654938832173, -1.0, -1.0, -1.0, -1.0
397, 27.10147601476015, -161.75768155518912, -8.268155260260963, -1.0, -1.0, -1.0, -1.0
398, 27.169741697416974, 77.40223462098704, 4.406343658750509, -1.0, -1.0, -1.0, -1.0
399, 27.2380073800738, -13.36836661705636, -0.8387877516730731, -1.0, -1.0, -1.0, -1.0
400, 27.30627306273063, 0.1971548427318031, 0.013525166353206644, -1.0, -1.0, -1.0, -1.0
401, 27.374538745387454, -0.026023444820324943, -0.0019295547233997448, -1.0, -1.0, -1.0, -1.0
402, 27.44280442804428, 0.0011030875416773896, 9.427789473112601e-05, -1.0, -1.0, -1.0, -1.0
403, 27.511070110701105, 0.0082997941464942, 0.0007190517318629169, -1.0, -1.0, -1.0, -1.0
404, 27.579335793357934, 0.008955737358255424, 0.0008249219827268752, -1.0, -1.0, -1.0, -1.0
405, 27.64760147601476, 0.007937162253318773, 0.0007705564303854328, -1.0, -1.0, -1.0, -1.0
406, 27.715867158671585, 0.0063426244055752035, 0.0012630895672603717, -1.0, -1.0, -1.0, -1.0
407, 27.784132841328415, 0.011575442042420234, -0.010807410822601855, -1.0, -1.0, -1.0, -1.0
408, 27.85239852398524, -0.019640193612753452, 0.045035845964586436, -1.0, -1.0, -1.0, -1.0
409, 27.920664206642066, 0.044028156670609164, -0.07286789469648164, -1.0, -1.0, -1.0, -1.0
410, 27.988929889298895, -0.040302004419854584, 0.07823394595553257, -1.0, -1.0, -1.0, -1.0
411, 28.05719557195572, 0.04565972645856807, -0.07589447772045359, -1.0, -1.0, -1.0, -1.0
412, 28.125461254612546, -0.029747743484289973, 0.05604969462020121, -1.0, -1.0, -1.0, -1.0
413, 28.19372693726937, 0.01327632697195921, -0.019418201895246193, -1.0, -1.0, -1.0, -1.0
414, 28.2619926199262, 0.00041970296203277846, 0.0022150347755749743, -1.0, -1.0, -1.0, -1.0
415, 28.330258302583026, 0.0013597170834202697, 0.0002171951807919013, -1.0, -1.0, -1.0, -1.0
416, 28.39852398523985, 0.0011789894963068108, 0.00019272833334659705, -1.0, -1.0, -1.0, -1.0
417, 28.46678966789668, 0.0010295956408982714, 0.00017021793503626612, -1.0, -1.0, -1.0, -1.0
418, 28.535055350553506, 0.0009037894831240385, 0.00015455535530779988, -1.0, -1.0, -1.0, -1.0
419, 28.60332103321033, 0.0008006607583285164, 0.00014661852008446554, -1.0, -1.0, -1.0, -1.0
420, 28.671586715867157, 0.000710576160460318, 0.00013663581138262176, -1.0, -1.0, -1.0, -1.0
421, 28.739852398523986, 0.0027291814680840175, 0.0030854992917759925, -1.0, -1.0, -1.0, -1.0
422, 28.80811808118081, -0.019161031205826785, -0.028068006957204263, -1.0, -1.0, -1.0, -1.0
423, 28.876383763837637, 0.05434095764889483, 0.07798396711563875, -1.0, -1.0, -1.0, -1.0
424, 28.944649446494466, -0.07130636992928013, -0.10500770893894582, -1.0, -1.0, -1.0, -1.0
425, 29.012915129151292, 0.0726578462465945, 0.10723725122054209, -1.0, -1.0, -1.0, -1.0
426, 29.081180811808117, -0.06649780526389298, -0.10033800115516653, -1.0, -1.0, -1.0, -1.0
427, 29.149446494464943, 0.039738470485279204, 0.05999761665300967, -1.0, -1.0, -1.0, -1.0
428, 29.217712177121772, -0.00937722104393432, -0.01484531739469037, -1.0, -1.0, -1.0, -1.0
429, 29.285977859778598, 0.0007276788567027236, 0.0007615612484830262, -1.0, -1.0, -1.0, -1.0
430, 29.354243542435423, 0.00025149440643830614, 4.963845965426494e-05, -1.0, -1.0, -1.0, -1.0
431, 29.422509225092252, 0.00023765138742592578, 5.5940537817379366e-05, -1.0, -1.0, -1.0, -1.0
432, 29.490774907749078, 0.00022035245900858659, 5.611524327427556e-05, -1.0, -1.0, -1.0, -1.0
433, 29.559040590405903, 0.0001977465409265608, 5.4529359133394565e-05, -1.0, -1.0, -1.0, -1.0
434, 29.627306273062732, 0.000160121805023877, 5.494376557232227e-05, -1.0, -1.0, -1.0, -1.0
435, 29.695571955719558, 0.00036461648403992767, 1.7995922206501122e-05, -1.0, -1.0, -1.0, -1.0
436, 29.763837638376383, -0.0113904226188296, 0.0017599471457593128, -1.0, -1.0, -1.0, -1.0
437, 29.83210332103321, 0.06467759410317057, -0.009157803900833452, -1.0, -1.0, -1.0, -1.0
438, 29.900369003690038, -0.13198075983632865, 0.018095614324552745, -1.0, -1.0, -1.0, -1.0
439, 29.968634686346864, 0.15292240615949373, -0.01994198492146624, -1.0, -1.0, -1.0, -1.0
440, 30.03690036900369, -0.15257573972865493, 0.019103183710411763, -1.0, -1.0, -1.0, -1.0
441, 30.105166051660518, 0.12846292249272423, -0.01523836599791489, -1.0, -1.0, -1.0, -1.0
442, 30.173431734317344, -0.05878825773123616, 0.006694050521613269, -1.0, -1.0, -1.0, -1.0
443, 30.24169741697417, 0.009552980995057237, -0.0009831587707667792, -1.0, -1.0, -1.0, -1.0
444, 30.309963099630995, -1.1831515630480617e-05, 3.9990661976385446e-05, -1.0, -1.0, -1.0, -1.0
445, 30.378228782287824, 0.00010144801466080651, 2.6726226610159976e-05, -1.0, -1.0, -1.0, -1.0
446, 30.44649446494465, 7.542504186397297e-05, 2.744530719352008e-05, -1.0, -1.0, -1.0, -1.0
447, 30.514760147601475, 6.534331641826563e-05, 2.655932883565396e-05, -1.0, -1.0, -1.0, -1.0
448, 30.583025830258304, 6.0742939852709936e-05, 2.4773777428336966e-05, -1.0, -1.0, -1.0, -1.0
449, 30.65129151291513, 5.805657817717579e-05, 2.194231259323287e-05, -1.0, -1.0, -1.0, -1.0
450, 30.719557195571955, -3.836126734778129e-05, 0.00030754296588694774, -1.0, -1.0, -1.0, -1.0
451, 30.78782287822878, 0.001700422678513648, -0.004925456942337886, -1.0, -1.0, -1.0, -1.0
452, 30.85608856088561, -0.006142370521441549, 0.018251870447878942, -1.0, -1.0, -1.0, -1.0
453, 30.924354243542435, 0.010093570414627705, -0.029006621253617693, -1.0, -1.0, -1.0, -1.0
454, 30.99261992619926, -0.010721410289540403, 0.030550889009095132, -1.0, -1.0, -1.0, -1.0
455, 31.06088560885609, 0.010741544343595765, -0.029772412900890735, -1.0, -1.0, -1.0, -1.0
456, 31.129151291512915, -0.007707971351977089, 0.02120369809888364, -1.0, -1.0, -1.0, -1.0
457, 31.19741697416974, 0.00268819443062605, -0.0071027599446511986, -1.0, -1.0, -1.0, -1.0
458, 31.26568265682657, -0.00020994113034736276, 0.0006635639370787017, -1.0, -1.0, -1.0, -1.0
459, 31.333948339483396, 3.2976419287693565e-05, 1.595108957909635e-05, -1.0, -1.0, -1.0, -1.0
460, 31.40221402214022, 3.1439591337702554e-05, 1.3933288051999268e-05, -1.0, -1.0, -1.0, -1.0
461, 31.470479704797047, 3.0226445091470697e-05, 1.236614436771735e-05, -1.0, -1.0, -1.0, -1.0
462, 31.538745387453876, 2.9922609163893674e-05, 1.2696407054934559e-05, -1.0, -1.0, -1.0, -1.0
463, 31.6070110701107, 3.335358775417467e-05, 1.696065864950266e-05, -1.0, -1.0, -1.0, -1.0
464, 31.675276752767527, 3.0202186849118927e-05, 1.486226740849877e-05, -1.0, -1.0, -1.0, -1.0
465, 31.743542435424356, 0.0021249864414870268, 0.0021083174955482194, -1.0, -1.0, -1.0, -1.0
466, 31.81180811808118, -0.017984636950462707, -0.018188154794253862, -1.0, -1.0, -1.0, -1.0
467, 31.880073800738007, 0.04695673776545063, 0.04799237009142256, -1.0, -1.0, -1.0, -1.0
468, 31.948339483394832, -0.061014083494581185, -0.06311719437926915, -1.0, -1.0, -1.0, -1.0
469, 32.01660516605166, 0.0613984344071367, 0.0642308607414025, -1.0, -1.0, -1.0, -1.0
470, 32.08487084870849, -0.05622507843832927, -0.059528602534557655, -1.0, -1.0, -1.0, -1.0
471, 32.15313653136531, 0.03204777825409217, 0.034309137319516396, -1.0, -1.0, -1.0, -1.0
472, 32.22140221402214, -0.007406164820002036, -0.0080349492668508, -1.0, -1.0, -1.0, -1.0
473, 32.289667896678964, 0.0003115248819142269, 0.0003310393427724756, -1.0, -1.0, -1.0, -1.0
474, 32.35793357933579, 1.0087270218436655e-05, 1.161574434410157e-06, -1.0, -1.0, -1.0, -1.0
475, 32.42619926199262, 1.614375008050814e-05, 8.461358552927421e-06, -1.0, -1.0, -1.0, -1.0
476, 32.494464944649444, 1.7613176423813755e-05, 1.062559532132072e-05, -1.0, -1.0, -1.0, -1.0
477, 32.56273062730627, 1.7446952627596905e-05, 1.0650157033275702e-05, -1.0, -1.0, -1.0, -1.0
478, 32.6309963099631, 1.7388035177523993e-05, 9.93995011784664e-06, -1.0, -1.0, -1.0, -1.0
479, 32.699261992619924, 5.6378080377175765e-06, 1.3032732104788898e-05, -1.0, -1.0, -1.0, -1.0
480, 32.76752767527675, 0.00047297336488502574, -0.00014109609841604168, -1.0, -1.0, -1.0, -1.0
481, 32.83579335793358, -0.002376892551460183, 0.0007775449578646854, -1.0, -1.0, -1.0, -1.0
482, 32.904059040590404, 0.004714773475886325, -0.0014734841906372757, -1.0, -1.0, -1.0, -1.0
483, 32.97232472324723, -0.005333289113019384, 0.001658905472090419, -1.0, -1.0, -1.0, -1.0
484, 33.04059040590406, 0.005349114246461749, -0.0016066734230777788, -1.0, -1.0, -1.0, -1.0
485, 33.108856088560884, -0.004383730510909521, 0.0013091502927828464, -1.0, -1.0, -1.0, -1.0
486, 33.17712177121771, 0.0019424336643982815, -0.0005526416710039462, -1.0, -1.0, -1.0, -1.0
487, 33.245387453874535, -0.00027708301561260015, 8.862531760234838e-05, -1.0, -1.0, -1.0, -1.0
488, 33.313653136531364, 1.2106501124109794e-05, 6.372962943664129e-06, -1.0, -1.0, -1.0, -1.0
489, 33.38191881918819, 9.113898216094965e-06, 6.9833900803874264e-06, -1.0, -1.0, -1.0, -1.0
490, 33.450184501845015, 9.37966723683593e-06, 6.666740401579361e-06, -1.0, -1.0, -1.0, -1.0
491, 33.518450184501845, 9.198909428087455e-06, 6.205376794795524e-06, -1.0, -1.0, -1.0, -1.0
492, 33.586715867158674, 9.036726594340648e-06, 4.648651084545056e-06, -1.0, -1.0, -1.0, -1.0
493, 33.654981549815496, 9.147311432144717e-06, 1.1328634924818562e-06, -1.0, -1.0, -1.0, -1.0
494, 33.723247232472325, -0.00023299960465736846, 0.0016418258333723349, -1.0, -1.0, -1.0, -1.0
495, 33.791512915129154, 0.0038471343202158993, -0.025039572073493006, -1.0, -1.0, -1.0, -1.0
496, 33.859778597785976, -0.013893486914040062, 0.08730325713685372, -1.0, -1.0, -1.0, -1.0
497, 33.928044280442805, 0.02222379132447511, -0.13449077759051697, -1.0, -1.0, -1.0, -1.0
498, 33.996309963099634, -0.024008722544028468, 0.14032821649814, -1.0, -1.0, -1.0, -1.0
499, 34.064575645756456, 0.024138989432136312, -0.13624662180838895, -1.0, -1.0, -1.0, -1.0
500, 34.132841328413285, -0.0172261391346153, 0.09411897575000212, -1.0, -1.0, -1.0, -1.0
501, 34.201107011070114, 0.005687437138281826, -0.03004026947417475, -1.0, -1.0, -1.0, -1.0
502, 34.269372693726936, -0.0004755085100080207, 0.002471008067916818, -1.0, -1.0, -1.0, -1.0
503, 34.337638376383765, 4.6069563287948465e-06, 8.611976410794548e-06, -1.0, -1.0, -1.0, -1.0
504, 34.40590405904059, 5.117188344789073e-06, 4.709770085797362e-06, -1.0, -1.0, -1.0, -1.0
505, 34.474169741697416, 5.467292361005941e-06, 2.162086946126726e-06, -1.0, -1.0, -1.0, -1.0
506, 34.542435424354245, 5.692877017119182e-06, 1.6589562204971147e-06, -1.0, -1.0, -1.0, -1.0
507, 34.61070110701107, 6.616405707430251e-06, 2.2684457310139656e-06, -1.0, -1.0, -1.0, -1.0
508, 34.678966789667896, 5.167758900954805e-06, 1.3878662441025313e-06, -1.0, -1.0, -1.0, -1.0
509, 34.747232472324725, 0.00044150617559044863, 0.0003099624523469838, -1.0, -1.0, -1.0, -1.0
510, 34.81549815498155, -0.0034310522836376632, -0.0024574906678867013, -1.0, -1.0, -1.0, -1.0
511, 34.88376383763838, 0.0085573860598667, 0.006197182342586011, -1.0, -1.0, -1.0, -1.0
512, 34.952029520295206, -0.010854110958401884, -0.007961658273543613, -1.0, -1.0, -1.0, -1.0
513, 35.02029520295203, 0.010909436463676507, 0.008095378087843788, -1.0, -1.0, -1.0, -1.0
514, 35.08856088560886, -0.009868319525359765, -0.0074165287238497635, -1.0, -1.0, -1.0, -1.0
515, 35.156826568265686, 0.00542769368884577, 0.00412443519483936, -1.0, -1.0, -1.0, -1.0
516, 35.22509225092251, -0.0011771520622732975, -0.00090907776663747, -1.0, -1.0, -1.0, -1.0
517, 35.29335793357934, 4.4990095295926906e-05, 3.144341776721579e-05, -1.0, -1.0, -1.0, -1.0
518, 35.361623616236166, 4.43597821321547e-06, -5.934764158468299e-07, -1.0, -1.0, -1.0, -1.0
519, 35.42988929889299, 5.987931255009309e-06, 3.139360964470806e-07, -1.0, -1.0, -1.0, -1.0
520, 35.49815498154982, 6.026025842839665e-06, 7.614556691634082e-07, -1.0, -1.0, -1.0, -1.0
521, 35.56642066420664, 3.617243447374758e-06, 2.0589443985370094e-06, -1.0, -1.0, -1.0, -1.0
522, 35.63468634686347, -4.705502226383992e-06, 6.4065047021209105e-06, -1.0, -1.0, -1.0, -1.0
523, 35.7029520295203, 0.00015891522793714364, -8.159463731024889e-05, -1.0, -1.0, -1.0, -1.0
524, 35.77121771217712, -0.005663933841175488, 0.002998474283687198, -1.0, -1.0, -1.0, -1.0
525, 35.83948339483395, 0.02769409463087675, -0.014436571074717033, -1.0, -1.0, -1.0, -1.0
526, 35.90774907749078, -0.05235765157638598, 0.02691759203841418, -1.0, -1.0, -1.0, -1.0
527, 35.9760147601476, 0.0586328846013603, -0.02970916521031255, -1.0, -1.0, -1.0, -1.0
528, 36.04428044280443, -0.0584609514972513, 0.02920289877083123, -1.0, -1.0, -1.0, -1.0
529, 36.11254612546126, 0.04711450952399071, -0.023190147369242253, -1.0, -1.0, -1.0, -1.0
530, 36.18081180811808, -0.019802635302112247, 0.009608220622649561, -1.0, -1.0, -1.0, -1.0
531, 36.24907749077491, 0.0027302798585542194, -0.0013027201866237618, -1.0, -1.0, -1.0, -1.0
532, 36.31734317343174, -7.0736363378780415e-06, 5.373229324158514e-06, -1.0, -1.0, -1.0, -1.0
533, 36.38560885608856, 8.365066725712151e-06, -1.9838423115079096e-06, -1.0, -1.0, -1.0, -1.0
534, 36.45387453874539, 1.7139650311180198e-06, 9.663034660171982e-07, -1.0, -1.0, -1.0, -1.0
535, 36.52214022140221, 3.789826320341276e-08, 1.584758549167127e-06, -1.0, -1.0, -1.0, -1.0
536, 36.59040590405904, -1.061443403363601e-07, 1.4991971861033411e-06, -1.0, -1.0, -1.0, -1.0
537, 36.65867158671587, 1.3198606104188185e-07, 1.2411344283780924e-06, -1.0, -1.0, -1.0, -1.0
538, 36.72693726937269, 4.1647521743735487e-07, 9.605740607814365e-07, -1.0, -1.0, -1.0, -1.0
539, 36.79520295202952, 6.537315064017272e-07, 6.955215959273568e-07, -1.0, -1.0, -1.0, -1.0
540, 36.86346863468635, 8.224926635145906e-07, 4.5076110930867156e-07, -1.0, -1.0, -1.0, -1.0
541, 36.93173431734317, 9.218064825228714e-07, 2.214006171013571e-07, -1.0, -1.0, -1.0, -1.0
