0, 0.0, 3.4546738138246426e-05, 0.0, 6.373936925875724e-08, 4.0627071935042075e-15, 5.951317023998055e-14, -146.92214472581418
1, 0.06826568265682657, 3.455381895426102e-05, 8.675653916006896e-09, 1.2750487100881058e-07, 8.128746065486713e-15, 1.1907514506739994e-13, -140.8997644319322
2, 0.13653136531365315, 3.457545928382624e-05, 1.8729984206554124e-08, 1.2758473932459827e-07, 8.138932854262845e-15, 1.1922436775703952e-13, -140.8943253440895
3, 0.2047970479704797, 3.4612823719401424e-05, 3.162727280872554e-08, 1.2772265007018318e-07, 8.156537670475232e-15, 1.194822545242588e-13, -140.8849415370998
4, 0.2730627306273063, 3.466766163386796e-05, 4.89291625018111e-08, 1.2792507809082562e-07, 8.182412802271915e-15, 1.198612902386859e-13, -140.87118614152428
5, 0.3413284132841328, 3.4741552173638246e-05, 7.203615443126553e-08, 1.2819788507959558e-07, 8.217348869440598e-15, 1.2037305641180551e-13, -140.85268274562623
6, 0.4095940959409594, 3.483321341596558e-05, 1.0102846578396392e-07, 1.2853638348541681e-07, 8.260800939755067e-15, 1.2100957052289853e-13, -140.82977842891177
7, 0.477859778597786, 3.4929475146067826e-05, 1.305350087984719e-07, 1.2889195223812743e-07, 8.306567675877862e-15, 1.2167999136015678e-13, -140.80578392263368
8, 0.5461254612546126, 3.497577868299677e-05, 1.358646812252925e-07, 1.2906288770347974e-07, 8.328614491180511e-15, 1.2200294741134693e-13, -140.79427239755483
9, 0.6143911439114391, 3.479061164077768e-05, 3.1880722153865034e-08, 1.2837869464163338e-07, 8.240544618944873e-15, 1.207128427964357e-13, -140.84044084760853
10, 0.6826568265682657, 3.413633006536021e-05, -2.981434202854392e-07, 1.2596912183947034e-07, 7.934109828503662e-15, 1.1622398721754012e-13, -141.0050179206669
11, 0.7509225092250923, 5.056759909220992e-05, 7.5259181299676464e-06, 1.8865154490615757e-07, 1.7794702697739994e-14, 2.606683476263534e-13, -137.49709263507822
12, 0.8191881918819188, -0.000989618324370649, -0.0004969625325272113, 4.08631591866675e-06, 8.348988893574644e-12, 1.2230140487344476e-10, -110.78366116675659
13, 0.8874538745387454, 0.007266633195297588, 0.0035598849567626406, 2.9858929243452427e-05, 4.4577782778274923e-10, 6.530042774547299e-09, -93.5088153637411
14, 0.955719557195572, -0.01794822384710325, -0.008982308273171988, 7.406048397279414e-05, 2.7424776431422487e-09, 4.017359142116483e-08, -85.61856904135942
15, 1.0239852398523985, 0.020113353983786192, 0.010174600808419703, 8.317489775699632e-05, 3.4590318084433956e-09, 5.067014162638704e-08, -84.61045444297311
16, 1.0922509225092252, -0.010277392531575008, -0.0053011756615212674, 4.267177253236655e-05, 9.104400855270161e-10, 1.3336716928530883e-08, -90.40748629090551
17, 1.1605166051660516, 0.0021134314857840977, 0.001083599426034687, 8.763958329878819e-06, 3.8403482803926166e-11, 5.625591264791346e-10, -104.1562938776951
18, 1.2287822878228782, -4.9367379538975765e-05, -4.475023906292077e-05, 2.4587173195805186e-07, 3.022645428802605e-14, 4.427767087597329e-13, -135.19612794716298
19, 1.2970479704797049, 3.539826011174619e-05, 3.859299539799965e-08, 1.3062096365228643e-07, 8.530918072725965e-15, 1.2496642149776954e-13, -140.6900422880154
20, 1.3653136531365313, 3.506883681373086e-05, -1.7607076646612894e-07, 1.2940693288503525e-07, 8.373077139356008e-15, 1.2265426512245827e-13, -140.77114907711768
21, 1.433579335793358, 3.481121491566454e-05, -3.574312893173041e-07, 1.2846143862303003e-07, 8.251170606549256e-15, 1.208684991553972e-13, -140.83484433037927
22, 1.5018450184501846, 3.4871883103404163e-05, -3.708071531467204e-07, 1.286858100390264e-07, 8.280018852700194e-15, 1.2129108697739202e-13, -140.81968674372808
23, 1.570110701107011, 3.503265029130911e-05, -3.505544633535839e-07, 1.2927824413382677e-07, 8.356432203162657e-15, 1.224104393003827e-13, -140.77979105959034
24, 1.6383763837638377, 3.5259619460748324e-05, -3.68650509642042e-07, 1.3011640807052248e-07, 8.465139824587364e-15, 1.2400285905206353e-13, -140.7236586395254
25, 1.7066420664206643, 3.546326231907797e-05, -3.788700862013558e-07, 1.3086821432346691e-07, 8.563244760106436e-15, 1.2543996378318076e-13, -140.67361642519796
26, 1.7749077490774907, 1.5564463085231222e-05, 1.50674908007987e-05, 7.9936947531916e-08, 3.194957790360145e-15, 4.680181411824861e-14, -144.95534875075148
27, 1.8431734317343174, 0.00046890268940442416, -0.00032971773091242183, 2.1152105024511347e-06, 2.237057734839791e-12, 3.2769872764409906e-11, -116.50322807320995
28, 1.911439114391144, -0.0019919350071352327, 0.0015231471257524383, 9.25293380913212e-06, 4.2808392038090124e-11, 6.270850941795904e-10, -103.68471084758536
29, 1.9797047970479704, 0.003819452177670376, -0.0028086551236709383, 1.74943394554053e-05, 1.5302595649047528e-10, 2.2416234707523674e-09, -98.1523489725771
30, 2.047970479704797, -0.003219972822740273, 0.0023874112804577272, 1.4791460144903452e-05, 1.0939364660913363e-10, 1.602469093571633e-09, -99.61007900330915
31, 2.1162361623616235, 0.001286829049607511, -0.0009063048380003438, 5.8079322427643945e-06, 1.6866038468271125e-11, 2.470646716162959e-10, -107.7298691346351
32, 2.1845018450184504, -0.00012860079644937724, 0.00011771346181161231, 6.433230263762956e-07, 2.0693225813297796e-13, 3.0312779434614608e-12, -126.8417180301654
33, 2.2527675276752768, 3.855640624172903e-05, -1.8204899479655174e-06, 1.424330652887584e-07, 1.0143589043775855e-14, 1.485898719385544e-13, -139.93808354063663
34, 2.321033210332103, 3.6623308562009865e-05, -3.8908311824774377e-07, 1.3514898633856364e-07, 9.132624254170631e-15, 1.3378060393947246e-13, -140.39404410270325
35, 2.38929889298893, 3.688332055015887e-05, -5.109143626046137e-07, 1.3611387091902453e-07, 9.263492928280435e-15, 1.356976531656215e-13, -140.3322522568884
36, 2.4575645756457565, 3.706468951655493e-05, -5.764025236087499e-07, 1.3678660936379597e-07, 9.355288250621858e-15, 1.3704233059019045e-13, -140.2894282668606
37, 2.525830258302583, 3.7217107499535206e-05, -5.982402612030193e-07, 1.3735024113000852e-07, 9.432544369235742e-15, 1.3817402832772355e-13, -140.25371143267816
38, 2.5940959409594098, 3.73833252655763e-05, -5.297538130260798e-07, 1.3795969966907966e-07, 9.516439366391328e-15, 1.394029766644351e-13, -140.21525515143142
39, 2.662361623616236, 3.7601273009058124e-05, -2.243064928464764e-07, 1.387525536592668e-07, 9.626135573483857e-15, 1.4100987786022297e-13, -140.16548026057652
40, 2.7306273062730626, 3.746987353670167e-05, -1.7279804919601981e-06, 1.384121645959583e-07, 9.578963654069325e-15, 1.4031887298663715e-13, -140.18681474602576
41, 2.7988929889298895, 0.00022693051954199728, 0.0009992447743958582, 3.781140281065768e-06, 7.148510912549057e-12, 1.0471602471896185e-10, -111.45784415515672
42, 2.867158671586716, -0.0019618625144003825, -0.010922997240689984, 4.0951226409958166e-05, 8.385014722398275e-10, 1.2282913458215852e-08, -90.76496170523524
43, 2.9354243542435423, 0.006362333077558326, 0.03570526011499809, 0.00013382909120018737, 8.955112825734035e-09, 1.3118030139318504e-07, -80.47928938091329
44, 3.003690036900369, -0.008567581732017118, -0.05028553022932127, 0.0001882294299847135, 1.7715159156185078e-08, 2.5950314223384624e-07, -77.51654941533319
45, 3.0719557195571956, 0.005470715294096889, 0.03288444436434903, 0.000123012537382042, 7.566042176584141e-09, 1.1083229350563796e-07, -81.21131242080189
46, 3.140221402214022, -0.001407034389928986, -0.009080565045392577, 3.390748530810719e-05, 5.748587799597525e-10, 8.420904290221239e-09, -92.4043883116586
47, 3.208487084870849, 0.00014521356346095836, 0.0006920688486763302, 2.609370843127458e-06, 3.4044080984818503e-12, 4.986997809127467e-11, -114.67958385045903
48, 3.2767527675276753, 3.93474273691751e-05, 1.0732111294416152e-07, 1.451939990016272e-07, 1.054064867304226e-14, 1.5440625894024066e-13, -139.77132661755897
49, 3.3450184501845017, 3.948882956676034e-05, -4.1276100312938067e-07, 1.457231982324794e-07, 1.0617625251551244e-14, 1.5553386179299388e-13, -139.73972607122147
50, 3.4132841328413286, 3.973658776428953e-05, -2.3044738360411744e-07, 1.4663194090072886e-07, 1.0750463046157421e-14, 1.5747975597344113e-13, -139.68572829324182
51, 3.481549815498155, 3.996744172664321e-05, -2.103483530562361e-07, 1.4748337732004016e-07, 1.0875673292862669e-14, 1.593139168846369e-13, -139.63543847171158
52, 3.5498154981549814, 4.0204272359383456e-05, -2.3439565042962605e-07, 1.4835776985506734e-07, 1.1005013938184563e-14, 1.6120858255394683e-13, -139.58409403063126
53, 3.6180811808118083, 4.047125704296833e-05, -2.5615631350573415e-07, 1.4934342319168775e-07, 1.115172902530577e-14, 1.6335776031664127e-13, -139.5265779199393
54, 3.6863468634686347, 4.0788471140958844e-05, -2.596073021926471e-07, 1.5051401216537914e-07, 1.1327233929059951e-14, 1.6592866998785117e-13, -139.45876130384548
55, 3.754612546125461, 3.8924420142587145e-05, -8.752016221633595e-07, 1.4366884943378563e-07, 1.0320369148813883e-14, 1.5117946158532768e-13, -139.86304768171442
56, 3.822878228782288, 0.00014860280759149293, 3.082072372640598e-05, 5.600196198165819e-07, 1.5681098728975444e-13, 2.2970690570553214e-12, -128.04623510834378
57, 3.8911439114391144, -0.0006660577493709373, -0.00020985851731220587, 2.576886543839594e-06, 3.3201721299107843e-12, 4.863603498409851e-11, -114.78839400292168
58, 3.959409594095941, 0.0017228792085282646, 0.0005082022530892517, 6.628298869223979e-06, 2.196717294987794e-11, 3.217893983468606e-10, -106.58225830711186
59, 4.027675276752768, -0.0017612185845557872, -0.0005571728420484961, 6.8164205803092045e-06, 2.3231794763831436e-11, 3.4031439897288207e-10, -106.33917237641897
60, 4.095940959409594, 0.0009293323761849567, 0.00027929162823554695, 3.5807857964348974e-06, 6.411013459974951e-12, 9.391268365693036e-11, -111.9307331131051
61, 4.1642066420664205, -0.00012570904365606411, -5.437432481534211e-05, 5.054048214294583e-07, 1.277170167620713e-13, 1.8708817050011525e-12, -128.9375123434573
62, 4.232472324723247, 4.8895234176393404e-05, 1.7535538835864824e-06, 1.8054121164458665e-07, 1.6297564551047713e-14, 2.387372969369692e-13, -137.87877290140005
63, 4.300738007380073, 4.320002380903922e-05, -1.610008886491335e-07, 1.5941078901371974e-07, 1.2705899826988334e-14, 1.8612426233047773e-13, -138.95994572954612
64, 4.369003690036901, 4.3533388552893736e-05, -8.421130667303047e-08, 1.6064011070960414e-07, 1.2902622584396937e-14, 1.8900598488494973e-13, -138.8932200612166
65, 4.437269372693727, 4.384724240945669e-05, -3.891852463364039e-09, 1.617979431076599e-07, 1.3089287196934777e-14, 1.9174036920915265e-13, -138.83084003171686
66, 4.5055350553505535, 4.414866774782595e-05, 5.684302110034304e-08, 1.629103481237748e-07, 1.3269890762904747e-14, 1.9438596739173979e-13, -138.77132652211898
67, 4.57380073800738, 4.452586591288004e-05, 3.111058873016303e-08, 1.6430212834498458e-07, 1.3497594689345892e-14, 1.9772152220609387e-13, -138.69743617150576
68, 4.642066420664206, 4.5186207538882385e-05, -2.9803142424884304e-07, 1.6674239992776825e-07, 1.3901513966835906e-14, 2.036383937844611e-13, -138.56937899628073
69, 4.710332103321033, 4.560346999163515e-05, -3.405956981235296e-07, 1.6828318031908506e-07, 1.4159614389152848e-14, 2.074192161870498e-13, -138.48948573690276
70, 4.77859778597786, -9.577314364337942e-05, 0.0001532552605182204, 6.668629736877113e-07, 2.2235311283780858e-13, 3.257172625894385e-12, -126.52956786256331
71, 4.8468634686346865, 0.0027655942346336716, -0.0029123671577827664, 1.4820170361692186e-05, 1.0981872477478976e-10, 1.6086959142685417e-09, -99.59323603665138
72, 4.915129151291513, -0.011986096355998371, 0.012737055298234977, 6.453863815957339e-05, 2.082617907746171e-09, 3.050753799995742e-08, -86.8139040157353
73, 4.983394833948339, 0.021577818367503, -0.02252844407690816, 0.0001151109976005517, 6.625270884297109e-09, 9.705126538619008e-08, -81.78796360236375
74, 5.051660516605166, -0.017763203580686355, 0.0184207623028892, 9.442860559037803e-05, 4.458380776871586e-09, 6.530925354228106e-08, -83.50822842488326
75, 5.119926199261992, 0.0065788784856979825, -0.006676969704321244, 3.458877037719008e-05, 5.981915181029911e-10, 8.762697373292462e-09, -92.23159749223763
76, 5.1881918819188195, -0.0007526314496009163, 0.0008093249698165255, 4.078218708623047e-06, 8.315933917681516e-12, 1.218171941454968e-10, -110.8008897043488
77, 5.256457564575646, 5.617541587833193e-05, -7.459108867780538e-06, 2.0910875066395344e-07, 2.1863234802119722e-14, 3.2026684493915917e-13, -136.60285581051602
78, 5.324723247232472, 4.904307939359844e-05, 1.383290147176491e-07, 1.8097149253117116e-07, 1.6375340554479868e-14, 2.3987661028454294e-13, -137.85809659312153
79, 5.392988929889299, 5.007820060574815e-05, -3.9967407947805465e-07, 1.8479629328268617e-07, 1.707483500551028e-14, 2.5012325872936676e-13, -137.67643484222867
80, 5.461254612546125, 5.0713267010241744e-05, -5.262358364688447e-07, 1.8714390121677684e-07, 1.7511419881317362e-14, 2.5651863718037863e-13, -137.56678638518463
81, 5.529520295202952, 5.119005632655986e-05, -4.7419363100228014e-07, 1.8890130110895177e-07, 1.7841850780327432e-14, 2.6135900332263426e-13, -137.48560097157613
82, 5.597785977859779, 5.165457445592444e-05, -3.481805802775284e-07, 1.9061161589683175e-07, 1.816639405740066e-14, 2.66113123759761e-13, -137.40731269521274
83, 5.666051660516605, 5.2170297556581686e-05, -1.2468736343190025e-07, 1.9251087290844713e-07, 1.853021809398614e-14, 2.714426542416348e-13, -137.3211946916155
84, 5.734317343173432, 5.2340878104071095e-05, -8.793189528577601e-07, 1.9316702507997482e-07, 1.865674978912381e-14, 2.7329617258662445e-13, -137.29164012872212
85, 5.802583025830258, 0.00014933742709272575, 0.0002583409271153858, 1.1011017044869325e-06, 6.06212481812014e-13, 8.880193652489501e-12, -122.17375125826736
86, 5.870848708487085, -0.000894613450123959, -0.002593029438715543, 1.0121828993051075e-05, 5.122571108228467e-11, 7.503874434215754e-10, -102.90512004289013
87, 5.939114391143911, 0.002950915211539753, 0.008065479500647595, 3.169135084960869e-05, 5.021708593364967e-10, 7.356124480010302e-09, -92.99148492731321
88, 6.007380073800738, -0.0037903654797059173, -0.010904568512984868, 4.259979156097781e-05, 9.073711205193782e-10, 1.3291760738418998e-08, -90.42215047418102
89, 6.075645756457565, 0.002423511971070108, 0.0068420771492087714, 2.6784541505195423e-05, 3.5870583182176814e-10, 5.2545556985783325e-09, -94.45261562528314
90, 6.143911439114391, -0.0005525542797112489, -0.0017917746183586684, 6.918964342902017e-06, 2.393603378917477e-11, 3.5063054901980336e-10, -106.20947810745704
91, 6.212177121771218, 9.808664670736445e-05, 0.00012434949385006853, 5.844229474857722e-07, 1.7077509077397884e-13, 2.501624302689095e-12, -127.67575475147731
92, 6.280442804428044, 5.758184699202128e-05, 7.020248906612834e-07, 2.1249493098734243e-07, 2.257704784765771e-14, 3.3072324144406696e-13, -136.46332846613515
93, 6.3487084870848705, 5.830525967379636e-05, 6.647625363449792e-07, 2.1516254305479082e-07, 2.3147459966902357e-14, 3.390790081638129e-13, -136.3549665833416
94, 6.416974169741698, 5.914095960707976e-05, 8.659729663728946e-07, 2.1825571690994044e-07, 2.381777898193603e-14, 3.488982758975494e-13, -136.23098739111074
95, 6.485239852398524, 5.994752540980643e-05, 1.002631704054383e-06, 2.2123951811541122e-07, 2.4473462187969685e-14, 3.585031488075559e-13, -136.1130458795226
96, 6.553505535055351, 6.056382572923642e-05, 1.1120385387458357e-06, 2.2352042132333172e-07, 2.4980689374279862e-14, 3.6593334164485634e-13, -136.02395580881233
97, 6.621771217712177, 6.041691813012135e-05, 1.1555221859191575e-06, 2.2298142902470575e-07, 2.4860358844949944e-14, 3.6417066199899646e-13, -136.0449260685862
98, 6.6900369003690034, 5.91125499436732e-05, 1.0859039287184914e-06, 2.1816429220882864e-07, 2.3797829197489582e-14, 3.486060385145771e-13, -136.23462656832112
99, 6.75830258302583, 0.0001434582495022778, 1.0195324483541232e-05, 5.307013840021537e-07, 1.408219794909007e-13, 2.06285169956941e-12, -128.51329555231987
100, 6.826568265682657, -0.003448258766299913, -0.00039551268960075057, 1.2807627877878807e-05, 8.20176659291092e-11, 1.2014479711777618e-09, -100.86092594089399
101, 6.894833948339484, 0.021711152737908888, 0.0025776703712349666, 8.067762012352486e-05, 3.254439194397892e-09, 4.767313630712587e-08, -84.87523838359051
102, 6.96309963099631, -0.0491001485404913, -0.006137192244143262, 0.00018259120351390816, 1.6669773800328715e-08, 2.4418965945346385e-07, -77.78070293269509
103, 7.031365313653136, 0.05072804223738425, 0.0066271420494037675, 0.0001887789584289045, 1.7818747572751027e-08, 2.6102057255219073e-07, -77.49122824505548
104, 7.099630996309963, -0.023786943521346967, -0.003257190116402438, 8.859377998739471e-05, 3.92442892622745e-09, 5.7487580486899397e-08, -84.06223531844213
105, 7.167896678966789, 0.004320709772336933, 0.0006094352072021055, 1.6101396505006546e-05, 1.2962748470571851e-10, 1.8988674786621466e-09, -98.8730290594608
106, 7.236162361623617, -6.471008068059714e-05, -1.632511740369464e-05, 2.462641166872215e-07, 3.032300758386872e-14, 4.441910840664012e-13, -135.1822772545755
107, 7.304428044280443, 6.589599171574282e-05, 3.3649111908018106e-06, 2.434754562801015e-07, 2.9640148905401806e-14, 4.3418812720885887e-13, -135.28119618890014
108, 7.372693726937269, 6.437840510790462e-05, 3.4713860367836834e-06, 2.379037952242646e-07, 2.8299107891054415e-14, 4.1454368856625654e-13, -135.4822725507992
109, 7.440959409594096, 6.361059326241979e-05, 3.741105593346455e-06, 2.3513103470432974e-07, 2.764330174056436e-14, 4.049370146861049e-13, -135.5841008568027
110, 7.509225092250922, 6.355093435785297e-05, 4.15931417795958e-06, 2.3500700876921848e-07, 2.7614147085327764e-14, 4.0450993838507157e-13, -135.58868366231943
111, 7.577490774907749, 6.362318926290778e-05, 4.530308015783417e-06, 2.353663331983832e-07, 2.769865540162617e-14, 4.0574787101841575e-13, -135.57541312734378
112, 7.645756457564576, 6.380005560192358e-05, 4.52371416397186e-06, 2.3601561067320477e-07, 2.7851684240722883e-14, 4.0798953671545407e-13, -135.55148537138888
113, 7.714022140221402, 6.32810783460545e-05, 5.270597606258914e-06, 2.3431804270362478e-07, 2.7452472568228863e-14, 4.021416251886498e-13, -135.61418533750197
114, 7.782287822878229, -0.00014421900449113618, 0.0003243861232383496, 1.3099655849777374e-06, 8.580049169130329e-13, 1.2568612566671994e-11, -120.66510223360993
115, 7.850553505535055, 0.003612420286759773, -0.005393610805508381, 2.3954171717884945e-05, 2.869011713449595e-10, 4.202714455918055e-09, -95.42267678635794
116, 7.918819188191882, -0.014823613883094163, 0.022358969565842893, 9.899090876985277e-05, 4.899600009540657e-09, 7.177251905867665e-08, -83.09839373183706
117, 7.987084870848708, 0.025628151904159187, -0.0379135286879671, 0.00016886658047084922, 1.4257960999958898e-08, 2.0885986113453303e-07, -78.45942577554423
118, 8.055350553505535, -0.0202885003749617, 0.02980631974215085, 0.00013304821651107844, 8.850913958389402e-09, 1.2965392879586637e-07, -80.53011881099818
119, 8.123616236162361, 0.007175254463916638, -0.010293766866907288, 4.630164329378705e-05, 1.0719210858525477e-09, 1.5702195365731912e-08, -89.69837185949493
120, 8.191881918819188, -0.0007615670101688463, 0.001168417274770874, 5.1464880476054805e-06, 1.3243169612073036e-11, 1.9399453864171851e-10, -108.7800805868112
121, 8.260147601476016, 4.899620252603075e-05, 4.407304299607153e-06, 1.8152777118292566e-07, 1.647616585532031e-14, 2.4135356469144884e-13, -137.83143844921017
122, 8.328413284132841, 3.725989523366571e-05, 1.3481756883370674e-05, 1.462138445243099e-07, 1.0689244165289535e-14, 1.56582982096944e-13, -139.71053002597503
123, 8.396678966789668, 2.997044682968066e-05, 1.4300760282094363e-05, 1.2253697657362543e-07, 7.507655313902613e-15, 1.0997700486851936e-13, -141.24495674610412
124, 8.464944649446494, 2.0355180641192045e-05, 1.592141092201986e-05, 9.535905739638205e-08, 4.546674913763243e-15, 6.660264333134263e-14, -143.4230609664291
125, 8.533210332103321, 8.18985739508054e-06, 1.8078577362122913e-05, 7.32366564153126e-08, 2.6818039214472738e-15, 3.928480338984925e-14, -145.71572978515164
126, 8.601476014760147, -6.962844694199632e-06, 2.076628210329619e-05, 8.082104773117762e-08, 3.266020878182646e-15, 4.7842792323648485e-14, -144.8598104334383
127, 8.669741697416974, -2.5751060533669665e-05, 2.4230943457770147e-05, 1.304758508358702e-07, 8.511973825672127e-15, 1.2468891387876465e-13, -140.69969720502934
128, 8.738007380073801, -5.221044934942181e-05, 2.3508469931952136e-05, 2.1128737494900985e-07, 2.2321177406421737e-14, 3.269750852508265e-13, -136.51282900790665
129, 8.806273062730627, 0.00037065503384103865, 0.0008083163553939591, 3.281354777806088e-06, 5.383644588915421e-12, 7.886311803222048e-11, -112.68923618577482
130, 8.874538745387454, -0.004235177864276298, -0.007151497250409636, 3.06696556152311e-05, 4.703138877784382e-10, 6.88946289664631e-09, -93.27612196893958
131, 8.94280442804428, 0.011863187448620064, 0.021335383751470354, 9.008027932877351e-05, 4.05722836197493e-09, 5.943291276190303e-08, -83.91770547248976
132, 9.011070110701107, -0.01564203729909972, -0.027598295576933343, 0.00011705848926564173, 6.85134495457718e-09, 1.0036294501029274e-07, -81.64224165877505
133, 9.079335793357934, 0.008835777789183978, 0.016697611507633554, 6.970959248541546e-05, 2.4297136422413455e-09, 3.559202146202187e-08, -86.1444490785135
134, 9.14760147601476, -0.002659897476918209, -0.00406223634659924, 1.7917330772235937e-05, 1.6051537100085642e-10, 2.3513332724990316e-09, -97.94483373095761
135, 9.215867158671587, -0.0004211651099792467, 0.000338662000354313, 1.9942319581132614e-06, 1.9884805513801266e-12, 2.912855294183861e-11, -117.01478652336839
136, 9.284132841328413, -0.0007390265852456059, 9.693062103958755e-05, 2.750391817847966e-06, 3.78232757584252e-12, 5.540598773261204e-11, -114.22240860943097
137, 9.35239852398524, -0.000967931603253665, 0.00011472477798716428, 3.596704091778554e-06, 6.468140161908297e-12, 9.474951264200802e-11, -111.89220577682796
138, 9.420664206642066, -0.0012392654487849329, 0.000134352522332072, 4.599730466090986e-06, 1.05787601803428e-11, 1.5496454102015666e-10, -109.75565228178635
139, 9.488929889298893, -0.0014969073773868876, 0.00014936136938793488, 5.551072170596515e-06, 1.5407201121585554e-11, 2.2569467588917215e-10, -108.12276248228483
140, 9.55719557195572, -0.0015087368766507857, 0.00014158108557830413, 5.591754086774791e-06, 1.563385688348129e-11, 2.2901487650937455e-10, -108.05933868008863
141, 9.625461254612546, -0.0005241078501828248, 5.954732563365333e-05, 1.946419867454921e-06, 1.894275150211616e-12, 2.7748571119316102e-11, -117.22556937930659
142, 9.693726937269373, 0.0016702723025838549, -9.392650624944848e-05, 6.173103915963625e-06, 1.905360597864272e-11, 2.791095794709285e-10, -107.20022820071014
143, 9.761992619926199, -0.1380294276385979, 0.008681303536017891, 0.0005103400799995004, 1.302234986269482e-07, 1.907598277183944e-06, -68.85310640935315
144, 9.830258302583026, 4.938083695648194, -0.28109317650463106, 0.01825120898063551, 0.0001665533146274152, 0.0024397809872448387, -37.78446719862197
145, 9.898523985239853, -28.55504008919265, 1.4595980406304467, 0.10550671444451332, 0.005565833396438038, 0.08153193786133557, -22.544697976589156
146, 9.966789667896679, 62.01524315625487, -2.809562829153919, 0.2290732594089242, 0.02623727908811414, 0.3843406828583206, -15.810812050543042
147, 10.035055350553506, -61.3961959403793, 2.4250484026705417, 0.22673088553498347, 0.025703447227738888, 0.3765207674982291, -15.900086271905929
148, 10.103321033210332, 27.64787703905465, -0.9315435429504112, 0.10207957895581536, 0.005210120219898271, 0.0763212205185098, -22.831522555419216
149, 10.171586715867159, -4.630552871989794, 0.12917838803902149, 0.017093558539764787, 0.00014609487177618283, 0.0021400924460186783, -38.35365028407895
150, 10.239852398523984, 0.11886754695932458, -0.0026028356733336995, 0.00043873077717317843, 9.624234741949058e-08, 1.4098203324692943e-06, -70.16633792786888
151, 10.308118081180812, -0.0017065292222615271, 5.197432572140141e-05, 6.300075675200404e-06, 1.9845476756625913e-11, 2.9070941627273633e-10, -107.0233846338394
152, 10.376383763837639, 0.0005712663841701346, 1.9390560442168862e-05, 2.1092080348543003e-06, 2.2243792671469697e-12, 3.258415034577453e-11, -116.52791161520703
153, 10.444649446494465, 0.0015180009102372998, 1.965828025732531e-05, 5.6019490529761065e-06, 1.5690916596069947e-11, 2.2985072419107866e-10, -108.04351686050524
154, 10.512915129151292, 0.001494013702105342, 2.9568502104887895e-05, 5.5140452888947014e-06, 1.5202347723990927e-11, 2.2269385044332654e-10, -108.1808933805255
155, 10.581180811808117, 0.0012338652651752444, 3.5535350129368835e-05, 4.554896194066123e-06, 1.0373539669359028e-11, 1.5195833785925927e-10, -109.84073027934193
156, 10.649446494464945, 0.0009651510858958321, 3.1282598650366756e-05, 3.5633133600839926e-06, 6.348601051076537e-12, 9.29984262076617e-11, -111.97321963327256
157, 10.717712177121772, 0.00073204573551992, 4.2823375483386225e-05, 2.7058937693400257e-06, 3.660930545476586e-12, 5.3627685287792156e-11, -114.36408510398007
158, 10.785977859778598, -0.00319002463782686, 0.008737750825079852, 3.432419617150212e-05, 5.890752214098802e-10, 8.629155946058244e-09, -92.29829244843845
159, 10.854243542435425, 0.058361052956428905, -0.13250139089153107, 0.0005342611625982999, 1.4271749493044352e-07, 2.0906184392513617e-06, -68.45522785918017
160, 10.92250922509225, -0.23049043518373008, 0.519701285146857, 0.0020978606746072507, 2.2005097050317945e-06, 3.223449351695223e-05, -56.57476711703417
161, 10.990774907749078, 0.3816995512232723, -0.8456464349976716, 0.003423615441576018, 5.860571345898876e-06, 8.584945052641055e-05, -52.32060042637957
162, 11.059040590405903, -0.2922213708002823, 0.6383126067408434, 0.0025904908299613128, 3.3553213700568254e-06, 4.915092385326485e-05, -54.74265877116987
163, 11.12730627306273, 0.09793016549557461, -0.21028006543721592, 0.0008559614935781005, 3.663350392442263e-07, 5.366313277577585e-06, -64.36121539914109
164, 11.195571955719558, -0.010232569655772888, 0.021855971993013843, 8.905068991522405e-05, 3.965012687188694e-09, 5.80820777420614e-08, -84.01755418695123
165, 11.263837638376383, 8.720375539196739e-05, -6.420146109200834e-05, 3.995872545562085e-07, 7.98349870018841e-14, 1.1694746744600317e-12, -130.97806741081544
166, 11.33210332103321, 1.7952258099631342e-05, 2.8637304144993177e-05, 1.2471990429637674e-07, 7.777527263848686e-15, 1.1393026424340507e-13, -141.09158457812538
167, 11.400369003690036, 4.638688477397795e-06, 1.5580858847309436e-05, 5.998785673540627e-08, 1.799271477853814e-15, 2.6356895702615324e-14, -147.4490330444832
168, 11.468634686346864, -9.265021032241468e-06, 1.1869578892109702e-05, 5.5562634017717754e-08, 1.543603149493423e-15, 2.2611700189876628e-14, -148.11464343986222
169, 11.53690036900369, -2.1894478754364776e-05, 1.1588422197270012e-05, 9.141017093777715e-08, 4.177909675436819e-15, 6.120073092126367e-14, -143.7904095350923
170, 11.605166051660516, -3.2817000487151546e-05, 1.1707039002691107e-05, 1.2857066548607539e-07, 8.265208011766148e-15, 1.2107412817235815e-13, -140.82746211998713
171, 11.673431734317344, -4.261847664264269e-05, 1.0846411438358058e-05, 1.6227686450946343e-07, 1.3166890377511375e-14, 1.9287715093543687e-13, -138.8051678018991
172, 11.74169741697417, -3.639453356451236e-05, 2.678431786587233e-05, 1.6674564929205437e-07, 1.3902055778914395e-14, 2.0364633059923246e-13, -138.56920973312634
173, 11.809963099630997, -0.0016948213751199527, -0.001953633051908502, 9.543652227817175e-06, 4.5540648922759863e-11, 6.671089653009688e-10, -103.41600785280693
174, 11.878228782287822, 0.013821106779048962, 0.016843221873922953, 8.039853852420663e-05, 3.231962498414169e-09, 4.7343883084877826e-08, -84.90533687138254
175, 11.94649446494465, -0.038804373163808255, -0.047525366435029116, 0.00022640232848572303, 2.562900717187862e-08, 3.754303212745462e-07, -75.91268217386809
176, 12.014760147601477, 0.04769336785043452, 0.05931180604014684, 0.0002808442376612822, 3.9436742913773375e-08, 5.776949907909505e-07, -74.04098960692971
177, 12.083025830258302, -0.02731268855467525, -0.03422175432307294, 0.00016156764203839401, 1.3052051476923312e-08, 1.9119491622952525e-07, -78.84321222035584
178, 12.15129151291513, 0.0062581321079359506, 0.008057067037632117, 3.7645709930459664e-05, 7.085997380841547e-10, 1.0380028595719238e-08, -91.49599012528705
179, 12.219557195571955, -0.0004201559324150874, -0.00043864710365684576, 2.2413512832863283e-06, 2.511827787544635e-12, 3.6794882725653844e-11, -116.00010139410509
180, 12.287822878228782, -7.215460661757526e-05, 1.018796124848182e-05, 2.6889412603151254e-07, 3.615202550712548e-14, 5.29578319590865e-13, -134.4186736525951
181, 12.35608856088561, -7.282458841142431e-05, 1.0000691375262209e-05, 2.712474443445698e-07, 3.678758803173025e-14, 5.388884517080485e-13, -134.3429868563582
182, 12.424354243542435, -7.398640765050459e-05, 8.87044446281355e-06, 2.74967756446221e-07, 3.780363354253416e-14, 5.537721454068518e-13, -134.22466455410583
183, 12.492619926199263, -7.439169898812527e-05, 8.480455966348852e-06, 2.7628602737716856e-07, 3.8166984461928765e-14, 5.590947453612268e-13, -134.1831215189998
184, 12.560885608856088, -7.441863555576106e-05, 8.288973669925467e-06, 2.7630567582503476e-07, 3.81724132465646e-14, 5.591742697199463e-13, -134.18250383238305
185, 12.629151291512915, -7.403510812749095e-05, 8.06985871040546e-06, 2.748104004327138e-07, 3.776037809299425e-14, 5.531385115244022e-13, -134.22963665780776
186, 12.697416974169741, -7.333379066887107e-05, 7.790716358912393e-06, 2.721271524850173e-07, 3.702659355980193e-14, 5.423895597138553e-13, -134.314862411299
187, 12.765682656826568, -0.0001200709046088171, 1.873432120919492e-05, 4.484267438923087e-07, 1.005432723189291e-13, 1.4728230701853938e-12, -129.97646984167352
188, 12.833948339483396, 0.001350194350656115, -0.0003202862210734335, 5.120526939196407e-06, 1.3109898067518065e-11, 1.9204229061067002e-10, -108.82400685036578
189, 12.902214022140221, -0.007803473874397375, 0.0017407244937967022, 2.9502837612841252e-05, 4.3520871360484027e-10, 6.37521953442766e-09, -93.61302417922433
190, 12.970479704797048, 0.015992726139698543, -0.003497302825239272, 6.040832906912126e-05, 1.8245831104616203e-09, 2.672767691541076e-08, -87.38836349568282
191, 13.038745387453874, -0.01535104641061608, 0.003247300620208062, 5.7899440809914994e-05, 1.6761726230504249e-09, 2.4553663829549464e-08, -87.75681256960092
192, 13.107011070110701, 0.00650714924555195, -0.0013485904451306294, 2.4521867372760223e-05, 3.0066098972362116e-10, 4.404277200816288e-09, -95.2192291724972
193, 13.175276752767529, -0.0011027854035931615, 0.0002129599876521573, 4.14450055897708e-06, 8.588442441680664e-12, 1.2580907576732215e-10, -110.66085590571257
194, 13.243542435424354, -4.829246287271187e-05, 2.145364132875627e-06, 1.7837672565202735e-07, 1.5909128127169314e-14, 2.3304722824123697e-13, -137.98353620475024
195, 13.311808118081181, -7.023855498130774e-05, 6.357856604659526e-06, 2.6024250307594464e-07, 3.3863080203616525e-14, 4.960483640637879e-13, -134.7027354077545
196, 13.380073800738007, -6.910669039256286e-05, 6.1216272704571284e-06, 2.5600477636216077e-07, 3.276922276011997e-14, 4.80024830702298e-13, -134.8453385934982
197, 13.448339483394834, -6.834850459218156e-05, 5.97534545118039e-06, 2.531704933821445e-07, 3.2047649359679237e-14, 4.694547554850309e-13, -134.94203819735145
198, 13.51660516605166, -6.78117984662347e-05, 5.8637822924352625e-06, 2.5116181214278126e-07, 3.1541127939422875e-14, 4.62034901166681e-13, -135.01122779963734
199, 13.584870848708487, -6.730316597323426e-05, 5.6625787723229155e-06, 2.4922862568953416e-07, 3.105745393154696e-14, 4.54949730564823e-13, -135.07834150307477
200, 13.653136531365314, -6.670975251642759e-05, 5.1043868231011425e-06, 2.468810038406437e-07, 3.047511502868197e-14, 4.464192525823142e-13, -135.1605464645683
201, 13.72140221402214, -6.641283601229098e-05, 5.887468078156445e-06, 2.4602688565116655e-07, 3.026461423160609e-14, 4.4333570036568916e-13, -135.19064857457775
202, 13.789667896678967, -0.00028387235655064584, 0.0009087561375184603, 3.513142323212102e-06, 6.1710844915720625e-12, 9.039804849816372e-11, -112.09638507390133
203, 13.857933579335793, 0.0030145747900019483, -0.012436576210180282, 4.722037567020088e-05, 1.1148819392174494e-09, 1.6331513812320476e-08, -89.52771119935181
204, 13.92619926199262, -0.01179950242675633, 0.046259808785317304, 0.00017616586172771028, 1.551720541913337e-08, 2.2730609019379152e-07, -78.09186490573416
205, 13.994464944649447, 0.018701730950632253, -0.07220536027593728, 0.00027523244880382254, 3.78764504372744e-08, 5.548388145135871e-07, -74.21630727338655
206, 14.062730627306273, -0.013987579164885716, 0.05233598217505739, 0.0001999001466777659, 1.9980034320896157e-08, 2.926805027547491e-07, -76.99403770095871
207, 14.1309963099631, 0.004406461569486008, -0.01640940872382273, 6.269649584037575e-05, 1.965425295331127e-09, 2.8790824596472184e-08, -87.0654345881008
208, 14.199261992619926, -0.0004990348027668195, 0.0015724659762350705, 6.087649468616117e-06, 1.8529738026371045e-11, 2.7143562189981366e-10, -107.321307206976
209, 14.267527675276753, -6.069341532513817e-05, 1.0054673648156628e-06, 2.2399167235307188e-07, 2.508613464176295e-14, 3.674779723198789e-13, -136.00566251123672
210, 14.335793357933579, -6.10816146340212e-05, 4.698199732871929e-06, 2.2605916355834438e-07, 2.5551372714349148e-14, 3.742930813831686e-13, -135.92585762994912
211, 14.404059040590406, -6.021030588449133e-05, 4.128400569713397e-06, 2.2269990624077156e-07, 2.479762411982422e-14, 3.632516830525602e-13, -136.05589927281795
212, 14.472324723247233, -5.9484317411188426e-05, 4.0585945218893544e-06, 2.200096490729859e-07, 2.4202122842609205e-14, 3.545283940728159e-13, -136.1614653904449
213, 14.540590405904059, -5.895225332547129e-05, 4.062062169375729e-06, 2.1805178719433913e-07, 2.377329094932268e-14, 3.482465863387268e-13, -136.23910694493898
214, 14.608856088560886, -5.903535214293684e-05, 3.6143051884881824e-06, 2.1825050727006478e-07, 2.38166419618203e-14, 3.4888162008936763e-13, -136.23119472083255
215, 14.677121771217712, -6.049140865802158e-05, 2.014945390217189e-06, 2.2333932796991732e-07, 2.4940227709027146e-14, 3.6534063292683005e-13, -136.03099585648073
216, 14.745387453874539, -3.0683292112325e-05, 2.6705498853513733e-05, 1.5010098060490044e-07, 1.1265152189276349e-14, 1.6501925639426435e-13, -139.48262936695014
217, 14.813653136531366, -0.0027331413415659757, -0.002277059798879775, 1.3126920756126379e-05, 8.615802426881077e-11, 1.2620986257755523e-09, -100.64704268612017
218, 14.881918819188192, 0.020959465707583613, 0.01812984035267613, 0.00010226065742854582, 5.228621028859202e-09, 7.659223236869425e-08, -82.81612834750891
219, 14.950184501845019, -0.05606254571130434, -0.04886901739861782, 0.0002744353129450572, 3.765737049562574e-08, 5.516295894224094e-07, -74.24150008777917
220, 15.018450184501845, 0.06632181634243664, 0.058608252001854655, 0.0003265945436437445, 5.333199796893286e-08, 7.812416999773407e-07, -72.73012146100942
221, 15.086715867158672, -0.03638992245602219, -0.03245258466305498, 0.00017992086799039372, 1.6185759369208344e-08, 2.37099502111106e-07, -77.90866920473914
222, 15.154981549815497, 0.007928672499194165, 0.007218646253369299, 3.9566540266434584e-05, 7.827555543276946e-10, 1.1466311093124607e-08, -91.06373842005125
223, 15.223247232472325, -0.0004480092720768749, -0.00035641927097405577, 2.1125163296969937e-06, 2.2313626216182286e-12, 3.268644705181297e-11, -116.51429846224181
224, 15.291512915129152, -5.4830331340623865e-05, 2.4324188509914235e-06, 2.0252494130936364e-07, 2.0508175926180592e-14, 3.0041706356729404e-13, -136.88072965688352
225, 15.359778597785978, -5.46891489487083e-05, 1.8509307278248861e-06, 2.0192052384361982e-07, 2.038594897464092e-14, 2.98626603898794e-13, -136.90669067147445
226, 15.428044280442805, -5.505597208300893e-05, 7.303291606054104e-07, 2.031764422717072e-07, 2.0640333347094186e-14, 3.0235299119256887e-13, -136.85283293012145
227, 15.49630996309963, -5.454858983595328e-05, 4.7350891026145294e-07, 2.0129389278136818e-07, 2.0259615635538474e-14, 2.967759912016717e-13, -136.93368798311778
228, 15.564575645756458, -5.4105838255385594e-05, 5.88861371254863e-07, 1.996643638357251e-07, 1.9932929092962407e-14, 2.919904748212331e-13, -137.0042887814643
229, 15.632841328413285, -5.4810128254739056e-05, 1.2438364620987481e-06, 2.0230346852927705e-07, 2.0463346689488093e-14, 2.997603758297985e-13, -136.89023337881028
230, 15.70110701107011, -5.607892721260242e-05, 2.0861830085698632e-06, 2.0707644897901276e-07, 2.1440327860878837e-14, 3.140718297458467e-13, -136.68768577790752
231, 15.769372693726938, 0.0002182693633448462, -0.00011421689727478604, 9.090307949269427e-07, 4.1316849306275466e-13, 6.052360087567919e-12, -123.83872803828837
232, 15.837638376383763, -0.007243699565732825, 0.003006453379379534, 2.894032337842122e-05, 4.187711586237969e-10, 6.134431566867511e-09, -93.78023236453214
233, 15.90590405904059, 0.03669491227555347, -0.015107266920944096, 0.00014643199522852446, 1.0721164613303306e-08, 1.5705057352460518e-07, -79.6975803575714
234, 15.974169741697416, -0.07316374310639737, 0.02956621207472739, 0.0002911879687781272, 4.239521658056579e-08, 6.210326320720718e-07, -73.7268314175295
235, 16.042435424354245, 0.06675019629502085, -0.0265629682355561, 0.00026509724318382366, 3.513827417183167e-08, 5.147282324630477e-07, -74.54219572836635
236, 16.11070110701107, -0.027538913381537265, 0.01074749023973433, 0.00010908415015754319, 5.949675907796715e-09, 8.715471194664377e-08, -82.25506690622538
237, 16.178966789667896, 0.003977627399227714, -0.0015471676455898853, 1.574882825164401e-05, 1.2401279564989025e-10, 1.8166198714119058e-09, -99.06533501987442
238, 16.247232472324722, -0.00012223243389031035, 2.7966394845978453e-05, 4.626971852918804e-07, 1.0704434263851435e-13, 1.568054965137156e-12, -129.70436280502193
239, 16.31549815498155, -5.006589121831094e-05, 7.844939675703925e-07, 1.8476766438865027e-07, 1.706954490181845e-14, 2.5004576585907026e-13, -137.67778057635337
240, 16.383763837638377, -5.243303580052609e-05, 1.713599426519106e-06, 1.9358313644670986e-07, 1.8737215358272745e-14, 2.744748844374007e-13, -137.27294951569704
241, 16.452029520295202, -5.3055701507365895e-05, 1.983619645295801e-06, 1.959142798542298e-07, 1.919120252540074e-14, 2.8112518293965406e-13, -137.1689781141443
242, 16.52029520295203, -5.2760336261972554e-05, 1.918843419042656e-06, 1.9481630254373512e-07, 1.8976695868406067e-14, 2.7798295028854293e-13, -137.21779402606103
243, 16.588560885608857, -5.225210612258333e-05, 1.771455637718509e-06, 1.9292297241380722e-07, 1.860963664248931e-14, 2.726060286548434e-13, -137.30262106487848
244, 16.656826568265682, -5.1739933615598256e-05, 1.5852161815142547e-06, 1.9101185228830615e-07, 1.8242763857304845e-14, 2.67231838125925e-13, -137.38909363538073
245, 16.725092250922508, -5.1288252855605534e-05, 1.6500882638858982e-06, 1.8935346861724976e-07, 1.7927368038691895e-14, 2.62611715593811e-13, -137.46483465606548
246, 16.793357933579337, -8.487584669120133e-05, 0.0005055480901600343, 1.891599372085617e-06, 1.7890740922373501e-12, 2.6207517783584964e-11, -117.4737167330433
247, 16.861623616236162, 0.00041166975400650646, -0.006304560679329019, 2.3313604469141474e-05, 2.7176207667178665e-10, 3.9809471771921175e-09, -95.65811147461064
248, 16.929889298892988, -0.0018106704065630965, 0.02225296191706332, 8.238562861926319e-05, 3.393695901495579e-09, 4.971305888136767e-08, -84.69327076048798
249, 16.998154981549817, 0.002781760944373606, -0.03332877380161709, 0.0001234120336332414, 7.615265022746152e-09, 1.1155334168455174e-07, -81.18314977959795
250, 17.066420664206642, -0.002154670641853411, 0.023187770780236053, 8.593234144464555e-05, 3.692183653079574e-09, 5.4085501080246725e-08, -84.32716704846735
251, 17.134686346863468, 0.0006193327583611444, -0.006914813522660926, 2.561805802505671e-05, 3.281424484875863e-10, 4.80684343460194e-09, -94.83937585671595
252, 17.202952029520294, -0.00011074056741313407, 0.0006071148229633524, 2.277239780971835e-06, 2.5929105100203258e-12, 3.798263503867612e-11, -115.86212471921365
253, 17.271217712177123, -4.815009672817292e-05, 1.104657256635304e-06, 1.7772238582543117e-07, 1.579262321174171e-14, 2.313405886692975e-13, -138.01545726118204
254, 17.339483394833948, -4.767100301017033e-05, 1.7541275855979395e-06, 1.7602680811506433e-07, 1.5492718587588837e-14, 2.26947391201977e-13, -138.0987236765116
255, 17.407749077490774, -4.706200423680511e-05, 1.8733346793476338e-06, 1.737980595999347e-07, 1.5102882760351228e-14, 2.2123682313811798e-13, -138.20940148904108
256, 17.476014760147603, -4.647564287284007e-05, 2.092900254798322e-06, 1.7167063820491094e-07, 1.4735404010840716e-14, 2.158537560506937e-13, -138.3163795229635
257, 17.54428044280443, -4.623964015889686e-05, 2.1691453419799614e-06, 1.7081361819311274e-07, 1.4588646080111247e-14, 2.1370395068703501e-13, -138.35985011548692
258, 17.612546125461254, -4.74696007511549e-05, 1.4313742874781069e-06, 1.7524419304593085e-07, 1.535526359815974e-14, 2.2493386135682644e-13, -138.1374272378336
259, 17.680811808118083, -5.177365438338706e-05, -1.091934845202068e-06, 1.9108918028195645e-07, 1.825753741041503e-14, 2.674482507147282e-13, -137.3855780079906
260, 17.74907749077491, 3.816924311970753e-05, 5.162758497337647e-05, 2.369192969445996e-07, 2.806537663236168e-14, 4.111198414794603e-13, -135.51829125250515
261, 17.817343173431734, -0.006359704123873576, -0.0037514729031801215, 2.7246215366058798e-05, 3.7117812588682925e-10, 5.437257952180039e-09, -94.3041762535878
262, 17.88560885608856, 0.046100606404114494, 0.027801399792775888, 0.00019865233170156285, 1.9731374445233876e-08, 2.8903797160315564e-07, -77.04842661671763
263, 17.95387453874539, -0.11747108422979388, -0.07166643670144048, 0.0005077728607716818, 1.2891663906812885e-07, 1.888454550673671e-06, -68.89691025322225
264, 18.022140221402214, 0.13370000910072805, 0.08270026770801052, 0.0005801112012077413, 1.682645028833443e-07, 2.4648475827776378e-06, -67.74007493221296
265, 18.09040590405904, -0.07022819974774165, -0.04395683395332904, 0.00030572135635627257, 4.67327738661595e-08, 6.845719847421203e-07, -73.30378440267927
266, 18.15867158671587, 0.014516184473670151, 0.009241917869059956, 6.350001986940109e-05, 2.0161262617071664e-09, 2.9533525239061734e-08, -86.95482273295153
267, 18.226937269372694, -0.0006809950279276422, -0.0004049993220175955, 2.9237079591227357e-06, 4.274034115118816e-12, 6.260882406471346e-11, -113.69162015642067
268, 18.29520295202952, -4.796298610534896e-05, 2.1694780610976075e-06, 1.7716614877641244e-07, 1.5693922136132955e-14, 2.298947512914611e-13, -138.04268506431242
269, 18.363468634686345, -5.041695670076966e-05, 1.039350499027874e-06, 1.8607995837247058e-07, 1.7312875453950192e-14, 2.536102296227298e-13, -137.61630795205298
270, 18.431734317343174, -5.300431751224474e-05, -1.229231950875672e-07, 1.955884134637162e-07, 1.91274137406268e-14, 2.8019076344377635e-13, -137.18343747908207
271, 18.5, -5.353122205596877e-05, -1.473800826271492e-14, -1.0, -1.0, -1.0, -1.0
272, 18.568265682656826, -5.300431786759826e-05, 1.2292363665113403e-07, -1.0, -1.0, -1.0, -1.0
273, 18.636531365313655, -5.0416956155687734e-05, -1.0393505291314097e-06, -1.0, -1.0, -1.0, -1.0
274, 18.70479704797048, -4.7962986616126104e-05, -2.169477921119927e-06, -1.0, -1.0, -1.0, -1.0
275, 18.773062730627306, -0.0006809950277381873, 0.00040499932185613806, -1.0, -1.0, -1.0, -1.0
276, 18.84132841328413, 0.014516184474231114, -0.009241917868502193, -1.0, -1.0, -1.0, -1.0
277, 18.90959409594096, -0.07022819974747993, 0.043956833953439564, -1.0, -1.0, -1.0, -1.0
278, 18.977859778597786, 0.1337000091008416, -0.0827002677080291, -1.0, -1.0, -1.0, -1.0
279, 19.04612546125461, -0.11747108422994273, 0.07166643670203081, -1.0, -1.0, -1.0, -1.0
280, 19.11439114391144, 0.046100606403860066, -0.02780139979304069, -1.0, -1.0, -1.0, -1.0
281, 19.182656826568266, -0.006359704123932569, 0.003751472903733875, -1.0, -1.0, -1.0, -1.0
282, 19.25092250922509, 3.816924331128084e-05, -5.162758498276427e-05, -1.0, -1.0, -1.0, -1.0
283, 19.319188191881917, -5.1773654275087654e-05, 1.0919352384237348e-06, -1.0, -1.0, -1.0, -1.0
284, 19.387453874538746, -4.7469600956366277e-05, -1.4313746503378396e-06, -1.0, -1.0, -1.0, -1.0
285, 19.45571955719557, -4.623964022209537e-05, -2.1691453545574333e-06, -1.0, -1.0, -1.0, -1.0
286, 19.523985239852397, -4.647564306973119e-05, -2.0929003110926043e-06, -1.0, -1.0, -1.0, -1.0
287, 19.592250922509226, -4.706200433017239e-05, -1.87333519921348e-06, -1.0, -1.0, -1.0, -1.0
288, 19.660516605166052, -4.76710029781575e-05, -1.754127672441334e-06, -1.0, -1.0, -1.0, -1.0
289, 19.728782287822877, -4.8150097138447254e-05, -1.1046573585647299e-06, -1.0, -1.0, -1.0, -1.0
290, 19.797047970479706, -0.0001107405677232419, -0.0006071148233379013, -1.0, -1.0, -1.0, -1.0
291, 19.865313653136532, 0.0006193327584630083, 0.006914813523017999, -1.0, -1.0, -1.0, -1.0
292, 19.933579335793358, -0.0021546706420549695, -0.023187770779832084, -1.0, -1.0, -1.0, -1.0
293, 20.001845018450183, 0.002781760943925694, 0.03332877380002457, -1.0, -1.0, -1.0, -1.0
294, 20.070110701107012, -0.0018106704062862732, -0.022252961915977077, -1.0, -1.0, -1.0, -1.0
295, 20.138376383763838, 0.0004116697534160419, 0.006304560678437237, -1.0, -1.0, -1.0, -1.0
296, 20.206642066420663, -8.48758463125435e-05, -0.0005055480892722748, -1.0, -1.0, -1.0, -1.0
297, 20.274907749077492, -5.128825325968747e-05, -1.6500884775232556e-06, -1.0, -1.0, -1.0, -1.0
298, 20.343173431734318, -5.173993354533976e-05, -1.5852160898276917e-06, -1.0, -1.0, -1.0, -1.0
299, 20.411439114391143, -5.225210624991971e-05, -1.7714558809297e-06, -1.0, -1.0, -1.0, -1.0
300, 20.47970479704797, -5.276033617649901e-05, -1.9188430819787915e-06, -1.0, -1.0, -1.0, -1.0
301, 20.547970479704798, -5.3055702524632725e-05, -1.9836208580700174e-06, -1.0, -1.0, -1.0, -1.0
302, 20.616236162361623, -5.24330355203533e-05, -1.71359936371719e-06, -1.0, -1.0, -1.0, -1.0
303, 20.68450184501845, -5.006589157044307e-05, -7.844936127185668e-07, -1.0, -1.0, -1.0, -1.0
304, 20.752767527675278, -0.00012223243323609137, -2.7966395597596564e-05, -1.0, -1.0, -1.0, -1.0
305, 20.821033210332104, 0.003977627398904621, 0.0015471676460125322, -1.0, -1.0, -1.0, -1.0
306, 20.88929889298893, -0.027538913381996325, -0.010747490239831407, -1.0, -1.0, -1.0, -1.0
307, 20.957564575645755, 0.0667501962956849, 0.026562968235622774, -1.0, -1.0, -1.0, -1.0
308, 21.025830258302584, -0.07316374310637347, -0.02956621207489056, -1.0, -1.0, -1.0, -1.0
309, 21.09409594095941, 0.0366949122755916, 0.015107266921080862, -1.0, -1.0, -1.0, -1.0
310, 21.162361623616235, -0.007243699565423596, -0.003006453379371528, -1.0, -1.0, -1.0, -1.0
311, 21.230627306273064, 0.00021826936365680058, 0.00011421689781065665, -1.0, -1.0, -1.0, -1.0
312, 21.29889298892989, -5.607892742729504e-05, -2.08618302224726e-06, -1.0, -1.0, -1.0, -1.0
313, 21.367158671586715, -5.4810128221553335e-05, -1.2438363904771692e-06, -1.0, -1.0, -1.0, -1.0
314, 21.435424354243544, -5.410583833644373e-05, -5.888613691384394e-07, -1.0, -1.0, -1.0, -1.0
315, 21.50369003690037, -5.454858954690959e-05, -4.7350931681484497e-07, -1.0, -1.0, -1.0, -1.0
316, 21.571955719557195, -5.505597193882749e-05, -7.303293508965153e-07, -1.0, -1.0, -1.0, -1.0
317, 21.64022140221402, -5.4689149107990906e-05, -1.8509313039446858e-06, -1.0, -1.0, -1.0, -1.0
318, 21.70848708487085, -5.4830331203537254e-05, -2.432419269146304e-06, -1.0, -1.0, -1.0, -1.0
319, 21.776752767527675, -0.0004480092719131623, 0.000356419270870058, -1.0, -1.0, -1.0, -1.0
320, 21.8450184501845, 0.007928672499013256, -0.007218646253271224, -1.0, -1.0, -1.0, -1.0
321, 21.91328413284133, -0.03638992245612241, 0.03245258466303826, -1.0, -1.0, -1.0, -1.0
322, 21.981549815498155, 0.0663218163423103, -0.058608252002081244, -1.0, -1.0, -1.0, -1.0
323, 22.04981549815498, -0.056062545711584574, 0.048869017398619895, -1.0, -1.0, -1.0, -1.0
324, 22.118081180811807, 0.020959465707722, -0.018129840352794416, -1.0, -1.0, -1.0, -1.0
325, 22.186346863468636, -0.002733141341288034, 0.002277059798318454, -1.0, -1.0, -1.0, -1.0
326, 22.25461254612546, -3.0683292444078926e-05, -2.6705498901031763e-05, -1.0, -1.0, -1.0, -1.0
327, 22.322878228782287, -6.049140760110767e-05, -2.014945431072834e-06, -1.0, -1.0, -1.0, -1.0
328, 22.391143911439116, -5.9035351558516246e-05, -3.6143052346722574e-06, -1.0, -1.0, -1.0, -1.0
329, 22.45940959409594, -5.895225306569045e-05, -4.062062586831404e-06, -1.0, -1.0, -1.0, -1.0
330, 22.527675276752767, -5.948431740188009e-05, -4.058594321176363e-06, -1.0, -1.0, -1.0, -1.0
331, 22.595940959409592, -6.0210305564446e-05, -4.128400491393292e-06, -1.0, -1.0, -1.0, -1.0
332, 22.66420664206642, -6.108161464093566e-05, -4.698199650802084e-06, -1.0, -1.0, -1.0, -1.0
333, 22.732472324723247, -6.069341522998918e-05, -1.0054671893034091e-06, -1.0, -1.0, -1.0, -1.0
334, 22.800738007380073, -0.0004990348026587359, -0.0015724659763117254, -1.0, -1.0, -1.0, -1.0
335, 22.8690036900369, 0.004406461569762304, 0.016409408724124754, -1.0, -1.0, -1.0, -1.0
336, 22.937269372693727, -0.013987579164742331, -0.05233598217566074, -1.0, -1.0, -1.0, -1.0
337, 23.005535055350553, 0.01870173095088535, 0.07220536027644404, -1.0, -1.0, -1.0, -1.0
338, 23.07380073800738, -0.01179950242698191, -0.04625980878488234, -1.0, -1.0, -1.0, -1.0
339, 23.142066420664207, 0.003014574790384626, 0.012436576209593254, -1.0, -1.0, -1.0, -1.0
340, 23.210332103321033, -0.0002838723561666041, -0.000908756136894085, -1.0, -1.0, -1.0, -1.0
341, 23.27859778597786, -6.641283767388405e-05, -5.887469251129866e-06, -1.0, -1.0, -1.0, -1.0
342, 23.346863468634687, -6.67097521971871e-05, -5.1043872294359525e-06, -1.0, -1.0, -1.0, -1.0
343, 23.415129151291513, -6.730316691443171e-05, -5.662579044654742e-06, -1.0, -1.0, -1.0, -1.0
344, 23.48339483394834, -6.781179761938821e-05, -5.863782303487755e-06, -1.0, -1.0, -1.0, -1.0
345, 23.551660516605168, -6.834850504931283e-05, -5.975346850502888e-06, -1.0, -1.0, -1.0, -1.0
346, 23.619926199261993, -6.9106689717717e-05, -6.121625275310625e-06, -1.0, -1.0, -1.0, -1.0
347, 23.68819188191882, -7.023855613828183e-05, -6.357857822442959e-06, -1.0, -1.0, -1.0, -1.0
348, 23.756457564575644, -4.829246186107074e-05, -2.1453635720245345e-06, -1.0, -1.0, -1.0, -1.0
349, 23.824723247232473, -0.0011027854046687532, -0.00021295998773834362, -1.0, -1.0, -1.0, -1.0
350, 23.8929889298893, 0.006507149246347772, 0.0013485904448588212, -1.0, -1.0, -1.0, -1.0
351, 23.961254612546124, -0.015351046410964672, -0.003247300619177811, -1.0, -1.0, -1.0, -1.0
352, 24.029520295202953, 0.015992726139676106, 0.003497302824996977, -1.0, -1.0, -1.0, -1.0
353, 24.09778597785978, -0.007803473873819843, -0.0017407244929986084, -1.0, -1.0, -1.0, -1.0
354, 24.166051660516604, 0.001350194350282427, 0.0003202862208970177, -1.0, -1.0, -1.0, -1.0
355, 24.23431734317343, -0.00012007090452690597, -1.873432140336002e-05, -1.0, -1.0, -1.0, -1.0
356, 24.30258302583026, -7.333379059243905e-05, -7.790715924997547e-06, -1.0, -1.0, -1.0, -1.0
357, 24.370848708487085, -7.403510880699303e-05, -8.069859589516571e-06, -1.0, -1.0, -1.0, -1.0
358, 24.43911439114391, -7.441863517728291e-05, -8.28897384802172e-06, -1.0, -1.0, -1.0, -1.0
359, 24.50738007380074, -7.43916993632322e-05, -8.480455711886331e-06, -1.0, -1.0, -1.0, -1.0
360, 24.575645756457565, -7.39864084021713e-05, -8.87044484807396e-06, -1.0, -1.0, -1.0, -1.0
361, 24.64391143911439, -7.282458756446745e-05, -1.000069120215132e-05, -1.0, -1.0, -1.0, -1.0
362, 24.71217712177122, -7.21546071559587e-05, -1.0187961172196233e-05, -1.0, -1.0, -1.0, -1.0
363, 24.780442804428045, -0.0004201559323430217, 0.0004386471036320699, -1.0, -1.0, -1.0, -1.0
364, 24.84870848708487, 0.006258132107713172, -0.008057067037682223, -1.0, -1.0, -1.0, -1.0
365, 24.916974169741696, -0.027312688554944283, 0.034221754322403666, -1.0, -1.0, -1.0, -1.0
366, 24.985239852398525, 0.04769336785038924, -0.059311806039916405, -1.0, -1.0, -1.0, -1.0
367, 25.05350553505535, -0.03880437316410047, 0.04752536643516258, -1.0, -1.0, -1.0, -1.0
368, 25.121771217712176, 0.01382110677971543, -0.016843221873869215, -1.0, -1.0, -1.0, -1.0
369, 25.190036900369005, -0.0016948213761852303, 0.0019536330517891443, -1.0, -1.0, -1.0, -1.0
370, 25.25830258302583, -3.6394533286945396e-05, -2.678431752045148e-05, -1.0, -1.0, -1.0, -1.0
371, 25.326568265682656, -4.2618477317951295e-05, -1.0846410859437388e-05, -1.0, -1.0, -1.0, -1.0
372, 25.394833948339482, -3.2817000642564657e-05, -1.170703924646854e-05, -1.0, -1.0, -1.0, -1.0
373, 25.46309963099631, -2.1894478577181815e-05, -1.1588422568345968e-05, -1.0, -1.0, -1.0, -1.0
374, 25.531365313653136, -9.265021207255016e-06, -1.18695784267118e-05, -1.0, -1.0, -1.0, -1.0
375, 25.599630996309962, 4.638688774977544e-06, -1.558085948999969e-05, -1.0, -1.0, -1.0, -1.0
376, 25.66789667896679, 1.795225859995251e-05, -2.863730344267496e-05, -1.0, -1.0, -1.0, -1.0
377, 25.736162361623617, 8.720375495723473e-05, 6.420146136259632e-05, -1.0, -1.0, -1.0, -1.0
378, 25.804428044280442, -0.010232569655787924, -0.021855971992921424, -1.0, -1.0, -1.0, -1.0
379, 25.872693726937268, 0.09793016549543045, 0.2102800654374431, -1.0, -1.0, -1.0, -1.0
380, 25.940959409594097, -0.2922213708001524, -0.638312606741254, -1.0, -1.0, -1.0, -1.0
381, 26.009225092250922, 0.3816995512240434, 0.8456464349971748, -1.0, -1.0, -1.0, -1.0
382, 26.077490774907748, -0.23049043518405873, -0.5197012851469761, -1.0, -1.0, -1.0, -1.0
383, 26.145756457564577, 0.05836105295673613, 0.132501390891842, -1.0, -1.0, -1.0, -1.0
384, 26.214022140221402, -0.0031900246389405013, -0.008737750825219274, -1.0, -1.0, -1.0, -1.0
385, 26.282287822878228, 0.0007320457360493284, -4.28233759731181e-05, -1.0, -1.0, -1.0, -1.0
386, 26.350553505535057, 0.0009651510857293841, -3.128259855584795e-05, -1.0, -1.0, -1.0, -1.0
387, 26.418819188191883, 0.001233865265117966, -3.55353496044338e-05, -1.0, -1.0, -1.0, -1.0
388, 26.487084870848708, 0.0014940137023574007, -2.956850225970373e-05, -1.0, -1.0, -1.0, -1.0
389, 26.555350553505534, 0.0015180009100564198, -1.9658279690369617e-05, -1.0, -1.0, -1.0, -1.0
390, 26.623616236162363, 0.0005712663847044358, -1.939056171654826e-05, -1.0, -1.0, -1.0, -1.0
391, 26.69188191881919, -0.0017065292213147027, -5.197432569808565e-05, -1.0, -1.0, -1.0, -1.0
392, 26.760147601476014, 0.11886754695856501, 0.0026028356741683843, -1.0, -1.0, -1.0, -1.0
393, 26.828413284132843, -4.630552871990267, -0.12917838803982082, -1.0, -1.0, -1.0, -1.0
394, 26.89667896678967, 27.647877039053792, 0.9315435429538915, -1.0, -1.0, -1.0, -1.0
395, 26.964944649446494, -61.396195940378306, -2.425048402677138, -1.0, -1.0, -1.0, -1.0
396, 27.03321033210332, 62.01524315625534, 2.809562829160472, -1.0, -1.0, -1.0, -1.0
397, 27.10147601476015, -28.555040089193934, -1.459598040633906, -1.0, -1.0, -1.0, -1.0
398, 27.169741697416974, 4.93808369564906, 0.2810931765049524, -1.0, -1.0, -1.0, -1.0
399, 27.2380073800738, -0.13802942763853757, -0.008681303535878048, -1.0, -1.0, -1.0, -1.0
400, 27.30627306273063, 0.001670272302726427, 9.392650652282779e-05, -1.0, -1.0, -1.0, -1.0
401, 27.374538745387454, -0.0005241078511916207, -5.954732615482762e-05, -1.0, -1.0, -1.0, -1.0
402, 27.44280442804428, -0.001508736876516138, -0.00014158108565759877, -1.0, -1.0, -1.0, -1.0
403, 27.511070110701105, -0.0014969073774962211, -0.00014936136940499716, -1.0, -1.0, -1.0, -1.0
404, 27.579335793357934, -0.0012392654492882481, -0.0001343525226535544, -1.0, -1.0, -1.0, -1.0
405, 27.64760147601476, -0.0009679316029402669, -0.00011472477791990942, -1.0, -1.0, -1.0, -1.0
406, 27.715867158671585, -0.0007390265849004796, -9.693062071974884e-05, -1.0, -1.0, -1.0, -1.0
407, 27.784132841328415, -0.00042116510971464474, -0.00033866200028481535, -1.0, -1.0, -1.0, -1.0
408, 27.85239852398524, -0.0026598974780225057, 0.004062236345918968, -1.0, -1.0, -1.0, -1.0
409, 27.920664206642066, 0.008835777788875834, -0.01669761150807025, -1.0, -1.0, -1.0, -1.0
410, 27.988929889298895, -0.01564203729917548, 0.027598295577191644, -1.0, -1.0, -1.0, -1.0
411, 28.05719557195572, 0.011863187448466296, -0.02133538375213205, -1.0, -1.0, -1.0, -1.0
412, 28.125461254612546, -0.004235177864163237, 0.007151497250320985, -1.0, -1.0, -1.0, -1.0
413, 28.19372693726937, 0.0003706550341928764, -0.0008083163554371983, -1.0, -1.0, -1.0, -1.0
414, 28.2619926199262, -5.2210449661189946e-05, -2.3508469637407352e-05, -1.0, -1.0, -1.0, -1.0
415, 28.330258302583026, -2.5751060634028863e-05, -2.4230943464725175e-05, -1.0, -1.0, -1.0, -1.0
416, 28.39852398523985, -6.962844949983573e-06, -2.0766281559370698e-05, -1.0, -1.0, -1.0, -1.0
417, 28.46678966789668, 8.18985742705327e-06, -1.8078577175123198e-05, -1.0, -1.0, -1.0, -1.0
418, 28.535055350553506, 2.035518074063278e-05, -1.5921411095861385e-05, -1.0, -1.0, -1.0, -1.0
419, 28.60332103321033, 2.997044685988087e-05, -1.4300759977387433e-05, -1.0, -1.0, -1.0, -1.0
420, 28.671586715867157, 3.725989500538766e-05, -1.3481756787546396e-05, -1.0, -1.0, -1.0, -1.0
421, 28.739852398523986, 4.8996202446808195e-05, -4.407304281702923e-06, -1.0, -1.0, -1.0, -1.0
422, 28.80811808118081, -0.0007615670105598669, -0.0011684172746349508, -1.0, -1.0, -1.0, -1.0
423, 28.876383763837637, 0.007175254464052, 0.010293766866526352, -1.0, -1.0, -1.0, -1.0
424, 28.944649446494466, -0.020288500375246106, -0.029806319741580798, -1.0, -1.0, -1.0, -1.0
425, 29.012915129151292, 0.025628151904133967, 0.03791352868785755, -1.0, -1.0, -1.0, -1.0
426, 29.081180811808117, -0.014823613882935528, -0.02235896956578889, -1.0, -1.0, -1.0, -1.0
427, 29.149446494464943, 0.0036124202866068766, 0.005393610804549836, -1.0, -1.0, -1.0, -1.0
428, 29.217712177121772, -0.0001442190039111175, -0.00032438612346864765, -1.0, -1.0, -1.0, -1.0
429, 29.285977859778598, 6.328107818143927e-05, -5.27059695489751e-06, -1.0, -1.0, -1.0, -1.0
430, 29.354243542435423, 6.380005552427202e-05, -4.52371453971138e-06, -1.0, -1.0, -1.0, -1.0
431, 29.422509225092252, 6.36231895402599e-05, -4.530307784101813e-06, -1.0, -1.0, -1.0, -1.0
432, 29.490774907749078, 6.355093420515596e-05, -4.159314733390891e-06, -1.0, -1.0, -1.0, -1.0
433, 29.559040590405903, 6.361059340730011e-05, -3.7411062814028106e-06, -1.0, -1.0, -1.0, -1.0
434, 29.627306273062732, 6.437840437139307e-05, -3.471385912975466e-06, -1.0, -1.0, -1.0, -1.0
435, 29.695571955719558, 6.589599189297739e-05, -3.3649115437223978e-06, -1.0, -1.0, -1.0, -1.0
436, 29.763837638376383, -6.471008073771119e-05, 1.632511761442373e-05, -1.0, -1.0, -1.0, -1.0
437, 29.83210332103321, 0.004320709771502016, -0.0006094352069683008, -1.0, -1.0, -1.0, -1.0
438, 29.900369003690038, -0.023786943521155166, 0.0032571901154783687, -1.0, -1.0, -1.0, -1.0
439, 29.968634686346864, 0.05072804223693354, -0.006627142048975415, -1.0, -1.0, -1.0, -1.0
440, 30.03690036900369, -0.04910014854041698, 0.0061371922430214585, -1.0, -1.0, -1.0, -1.0
441, 30.105166051660518, 0.021711152739030633, -0.002577670371315876, -1.0, -1.0, -1.0, -1.0
442, 30.173431734317344, -0.0034482587675224332, 0.00039551269063490895, -1.0, -1.0, -1.0, -1.0
443, 30.24169741697417, 0.0001434582492394405, -1.0195326005346768e-05, -1.0, -1.0, -1.0, -1.0
444, 30.309963099630995, 5.911255059215982e-05, -1.0859026262743701e-06, -1.0, -1.0, -1.0, -1.0
445, 30.378228782287824, 6.0416918792161845e-05, -1.1555233535018845e-06, -1.0, -1.0, -1.0, -1.0
446, 30.44649446494465, 6.056382409653965e-05, -1.1120382185911731e-06, -1.0, -1.0, -1.0, -1.0
447, 30.514760147601475, 5.9947527307082615e-05, -1.0026312846657517e-06, -1.0, -1.0, -1.0, -1.0
448, 30.583025830258304, 5.914095585979029e-05, -8.659728415487392e-07, -1.0, -1.0, -1.0, -1.0
449, 30.65129151291513, 5.830526142544923e-05, -6.647636866897454e-07, -1.0, -1.0, -1.0, -1.0
450, 30.719557195571955, 5.758184697111456e-05, -7.02024072689386e-07, -1.0, -1.0, -1.0, -1.0
451, 30.78782287822878, 9.808664618417218e-05, -0.00012434949422475097, -1.0, -1.0, -1.0, -1.0
452, 30.85608856088561, -0.0005525542785497921, 0.0017917746185796709, -1.0, -1.0, -1.0, -1.0
453, 30.924354243542435, 0.002423511971074611, -0.0068420771487311596, -1.0, -1.0, -1.0, -1.0
454, 30.99261992619926, -0.003790365478440445, 0.010904568511575122, -1.0, -1.0, -1.0, -1.0
455, 31.06088560885609, 0.0029509152113128324, -0.008065479500491952, -1.0, -1.0, -1.0, -1.0
456, 31.129151291512915, -0.0008946134501881381, 0.002593029439038423, -1.0, -1.0, -1.0, -1.0
457, 31.19741697416974, 0.0001493374272743349, -0.0002583409273622013, -1.0, -1.0, -1.0, -1.0
458, 31.26568265682657, 5.234087806900845e-05, 8.793196474591393e-07, -1.0, -1.0, -1.0, -1.0
459, 31.333948339483396, 5.217029754365451e-05, 1.2468702295560943e-07, -1.0, -1.0, -1.0, -1.0
460, 31.40221402214022, 5.165457310768912e-05, 3.481798664903922e-07, -1.0, -1.0, -1.0, -1.0
461, 31.470479704797047, 5.1190056397161046e-05, 4.7419303991576745e-07, -1.0, -1.0, -1.0, -1.0
462, 31.538745387453876, 5.071326687523811e-05, 5.262361233339605e-07, -1.0, -1.0, -1.0, -1.0
463, 31.6070110701107, 5.007820045476209e-05, 3.99674129170984e-07, -1.0, -1.0, -1.0, -1.0
464, 31.675276752767527, 4.904307966541125e-05, -1.3832894456497773e-07, -1.0, -1.0, -1.0, -1.0
465, 31.743542435424356, 5.617541659218737e-05, 7.459109461093873e-06, -1.0, -1.0, -1.0, -1.0
466, 31.81180811808118, -0.0007526314499313728, -0.0008093249699159083, -1.0, -1.0, -1.0, -1.0
467, 31.880073800738007, 0.006578878486307774, 0.006676969703765227, -1.0, -1.0, -1.0, -1.0
468, 31.948339483394832, -0.017763203582682147, -0.01842076230274683, -1.0, -1.0, -1.0, -1.0
469, 32.01660516605166, 0.02157781836845947, 0.022528444077122373, -1.0, -1.0, -1.0, -1.0
470, 32.08487084870849, -0.011986096355745386, -0.01273705529781986, -1.0, -1.0, -1.0, -1.0
471, 32.15313653136531, 0.002765594236133838, 0.0029123671587341724, -1.0, -1.0, -1.0, -1.0
472, 32.22140221402214, -9.577314373142075e-05, -0.0001532552603456788, -1.0, -1.0, -1.0, -1.0
473, 32.289667896678964, 4.560347042054256e-05, 3.405960205919508e-07, -1.0, -1.0, -1.0, -1.0
474, 32.35793357933579, 4.5186206407828794e-05, 2.980301941518353e-07, -1.0, -1.0, -1.0, -1.0
475, 32.42619926199262, 4.452586578343587e-05, -3.111101769655506e-08, -1.0, -1.0, -1.0, -1.0
476, 32.494464944649444, 4.41486678164068e-05, -5.684298204574432e-08, -1.0, -1.0, -1.0, -1.0
477, 32.56273062730627, 4.3847243516864024e-05, 3.892917708014205e-09, -1.0, -1.0, -1.0, -1.0
478, 32.6309963099631, 4.353338860960655e-05, 8.421112649960533e-08, -1.0, -1.0, -1.0, -1.0
479, 32.699261992619924, 4.3200024009308125e-05, 1.6100080254756018e-07, -1.0, -1.0, -1.0, -1.0
480, 32.76752767527675, 4.889523410055582e-05, -1.7535547212349788e-06, -1.0, -1.0, -1.0, -1.0
481, 32.83579335793358, -0.00012570904362599962, 5.437432458302466e-05, -1.0, -1.0, -1.0, -1.0
482, 32.904059040590404, 0.0009293323759555314, -0.00027929162820856083, -1.0, -1.0, -1.0, -1.0
483, 32.97232472324723, -0.001761218584808231, 0.0005571728426489078, -1.0, -1.0, -1.0, -1.0
484, 33.04059040590406, 0.0017228792078985372, -0.0005082022532571156, -1.0, -1.0, -1.0, -1.0
485, 33.108856088560884, -0.000666057748046657, 0.00020985851817016752, -1.0, -1.0, -1.0, -1.0
486, 33.17712177121771, 0.00014860280697777904, -3.082072319615793e-05, -1.0, -1.0, -1.0, -1.0
487, 33.245387453874535, 3.892442063952877e-05, 8.752015586641421e-07, -1.0, -1.0, -1.0, -1.0
488, 33.313653136531364, 4.078847113557668e-05, 2.59607195066005e-07, -1.0, -1.0, -1.0, -1.0
489, 33.38191881918819, 4.047125705265714e-05, 2.5615570643314155e-07, -1.0, -1.0, -1.0, -1.0
490, 33.450184501845015, 4.020427271036157e-05, 2.343960213272407e-07, -1.0, -1.0, -1.0, -1.0
491, 33.518450184501845, 3.996744148743436e-05, 2.1034857933040178e-07, -1.0, -1.0, -1.0, -1.0
492, 33.586715867158674, 3.973658835758315e-05, 2.304473147111975e-07, -1.0, -1.0, -1.0, -1.0
493, 33.654981549815496, 3.948882982644646e-05, 4.1276152574464e-07, -1.0, -1.0, -1.0, -1.0
494, 33.723247232472325, 3.934742738315884e-05, -1.0732050140976865e-07, -1.0, -1.0, -1.0, -1.0
495, 33.791512915129154, 0.00014521356389670832, -0.000692068848542712, -1.0, -1.0, -1.0, -1.0
496, 33.859778597785976, -0.0014070343904979607, 0.009080565045962802, -1.0, -1.0, -1.0, -1.0
497, 33.928044280442805, 0.005470715294197146, -0.032884444365249454, -1.0, -1.0, -1.0, -1.0
498, 33.996309963099634, -0.008567581732137746, 0.050285530229970996, -1.0, -1.0, -1.0, -1.0
499, 34.064575645756456, 0.006362333077461156, -0.035705260115230876, -1.0, -1.0, -1.0, -1.0
500, 34.132841328413285, -0.001961862514993256, 0.010922997240243409, -1.0, -1.0, -1.0, -1.0
501, 34.201107011070114, 0.00022693051963486665, -0.000999244773829338, -1.0, -1.0, -1.0, -1.0
502, 34.269372693726936, 3.7469873277571665e-05, 1.727980174246454e-06, -1.0, -1.0, -1.0, -1.0
503, 34.337638376383765, 3.760127288884239e-05, 2.243063627825548e-07, -1.0, -1.0, -1.0, -1.0
504, 34.40590405904059, 3.738332515644388e-05, 5.297537667294137e-07, -1.0, -1.0, -1.0, -1.0
505, 34.474169741697416, 3.721710756378285e-05, 5.982404400214424e-07, -1.0, -1.0, -1.0, -1.0
506, 34.542435424354245, 3.7064689650796346e-05, 5.764022118602422e-07, -1.0, -1.0, -1.0, -1.0
507, 34.61070110701107, 3.688332073466034e-05, 5.109142801312111e-07, -1.0, -1.0, -1.0, -1.0
508, 34.678966789667896, 3.662330857918818e-05, 3.890829376311747e-07, -1.0, -1.0, -1.0, -1.0
509, 34.747232472324725, 3.8556406148893985e-05, 1.8204892845437971e-06, -1.0, -1.0, -1.0, -1.0
510, 34.81549815498155, -0.00012860079596098994, -0.00011771346226549696, -1.0, -1.0, -1.0, -1.0
511, 34.88376383763838, 0.001286829049510003, 0.0009063048380684105, -1.0, -1.0, -1.0, -1.0
512, 34.952029520295206, -0.0032199728229667726, -0.002387411279978547, -1.0, -1.0, -1.0, -1.0
513, 35.02029520295203, 0.0038194521772552423, 0.0028086551234703288, -1.0, -1.0, -1.0, -1.0
514, 35.08856088560886, -0.001991935007395034, -0.0015231471257003092, -1.0, -1.0, -1.0, -1.0
515, 35.156826568265686, 0.0004689026888876761, 0.0003297177298607644, -1.0, -1.0, -1.0, -1.0
516, 35.22509225092251, 1.556446307417584e-05, -1.5067491246424835e-05, -1.0, -1.0, -1.0, -1.0
517, 35.29335793357934, 3.546326263763649e-05, 3.7886919414803144e-07, -1.0, -1.0, -1.0, -1.0
518, 35.361623616236166, 3.525961966942258e-05, 3.6865038026790335e-07, -1.0, -1.0, -1.0, -1.0
519, 35.42988929889299, 3.503265113866978e-05, 3.505540322471191e-07, -1.0, -1.0, -1.0, -1.0
520, 35.49815498154982, 3.487188272317975e-05, 3.708074629021613e-07, -1.0, -1.0, -1.0, -1.0
521, 35.56642066420664, 3.4811214835305716e-05, 3.574316161057746e-07, -1.0, -1.0, -1.0, -1.0
522, 35.63468634686347, 3.5068836121984525e-05, 1.7607095200979718e-07, -1.0, -1.0, -1.0, -1.0
523, 35.7029520295203, 3.5398260110397646e-05, -3.8593139832275656e-08, -1.0, -1.0, -1.0, -1.0
524, 35.77121771217712, -4.936737999481145e-05, 4.47502392159427e-05, -1.0, -1.0, -1.0, -1.0
525, 35.83948339483395, 0.0021134314852933847, -0.0010835994259237134, -1.0, -1.0, -1.0, -1.0
526, 35.90774907749078, -0.010277392531362605, 0.0053011756615922116, -1.0, -1.0, -1.0, -1.0
527, 35.9760147601476, 0.02011335398340109, -0.01017460080854227, -1.0, -1.0, -1.0, -1.0
528, 36.04428044280443, -0.017948223846207655, 0.008982308273106504, -1.0, -1.0, -1.0, -1.0
529, 36.11254612546126, 0.007266633195207536, -0.0035598849566294225, -1.0, -1.0, -1.0, -1.0
530, 36.18081180811808, -0.0009896183238982718, 0.0004969625320150444, -1.0, -1.0, -1.0, -1.0
531, 36.24907749077491, 5.056759904601431e-05, -7.525917991687895e-06, -1.0, -1.0, -1.0, -1.0
532, 36.31734317343174, 3.413632979640364e-05, 2.981435465258778e-07, -1.0, -1.0, -1.0, -1.0
533, 36.38560885608856, 3.4790611778493896e-05, -3.188060418660645e-08, -1.0, -1.0, -1.0, -1.0
534, 36.45387453874539, 3.497577839917397e-05, -1.3586438770521838e-07, -1.0, -1.0, -1.0, -1.0
535, 36.52214022140221, 3.492947485158006e-05, -1.305358402530323e-07, -1.0, -1.0, -1.0, -1.0
536, 36.59040590405904, 3.4833213824251765e-05, -1.010281347024971e-07, -1.0, -1.0, -1.0, -1.0
537, 36.65867158671587, 3.474155244388374e-05, -7.203647661787547e-08, -1.0, -1.0, -1.0, -1.0
538, 36.72693726937269, 3.46676611412877e-05, -4.8929511560977297e-08, -1.0, -1.0, -1.0, -1.0
539, 36.79520295202952, 3.461282412730427e-05, -3.162736842932882e-08, -1.0, -1.0, -1.0, -1.0
540, 36.86346863468635, 3.457545921681548e-05, -1.872990308183564e-08, -1.0, -1.0, -1.0, -1.0
541, 36.93173431734317, 3.455381812159787e-05, -8.67505519823716e-09, -1.0, -1.0, -1.0, -1.0
