0, 0.0, -0.00023105360443539805, 0.0, 4.2629816316494104e-07, 1.817301239178027e-13, 2.6621007341472715e-12, -130.41603072940904
1, 0.06826568265682657, -0.002015333469565222, 1.8879656621706257e-05, 7.436981180797471e-06, 2.7654344541767874e-11, 4.050987768010321e-10, -105.58236630641454
2, 0.13653136531365315, -0.0002350687795357085, -3.4354174189831453e-05, 8.766268095430081e-07, 3.842372816047767e-13, 5.628556935940242e-12, -124.15400498897257
3, 0.2047970479704797, -0.002013942289974566, 5.718648352231245e-05, 7.43451675235482e-06, 2.763601967052223e-11, 4.0483034220062293e-10, -105.58524506869739
4, 0.2730627306273063, -0.000249039679667149, -7.14260637820174e-05, 9.560147475861862e-07, 4.569820988011397e-13, 6.694170204059937e-12, -123.40100812061779
5, 0.3413284132841328, -0.0020094848646055982, 9.746744629038074e-05, 7.4237905599890195e-06, 2.755633313929104e-11, 4.036630422025876e-10, -105.5977857353227
6, 0.4095940959409594, -0.0002806337312750702, -0.00011588528592328813, 1.1203664892731414e-06, 6.276105351431121e-13, 9.193646217501803e-12, -122.02309774906455
7, 0.477859778597786, -0.001996825443285241, 0.00014261580907831134, 7.3871286574889956e-06, 2.7284834901147585e-11, 3.9968595990329704e-10, -105.64078669761997
8, 0.5461254612546126, -0.00035280189376067964, -0.00017946032244221585, 1.4605983820943327e-06, 1.0666738168882912e-12, 1.562532996630956e-11, -119.71968365189082
9, 0.6143911439114391, -0.001959620946418187, 0.000200925336736358, 7.268984241015239e-06, 2.6419065948063945e-11, 3.870036146986664e-10, -105.78082541027796
10, 0.6826568265682657, -0.0005490809680690198, -0.0003035063610218008, 2.3150563983016205e-06, 2.6797430636586355e-12, 3.9254614608188657e-11, -115.71906844547544
11, 0.7509225092250923, -0.0018257093156938973, 0.00030826109795936414, 6.832289823223105e-06, 2.3340092114259003e-11, 3.419008088088751e-10, -106.31897434295985
12, 0.8191881918819188, -0.001372940526092467, -0.000737726262325628, 5.751258090724295e-06, 1.6538484813060832e-11, 2.4226645320753974e-10, -107.8150428120845
13, 0.8874538745387454, -0.0008672753381119803, 0.0008273823445048604, 4.423010755484321e-06, 9.78151207156499e-12, 1.4328593358887094e-10, -110.09594004764786
14, 0.955719557195572, -0.020699464332440753, -0.010437619164817377, 8.554296018729427e-05, 3.6587990188025063e-09, 5.359646130245833e-08, -84.3666144605379
15, 1.0239852398523985, 0.024354449229318505, 0.013671999331077203, 0.00010306126827449333, 5.310812509173542e-09, 7.779622648573134e-08, -82.74839030471023
16, 1.0922509225092252, -0.00486705058108482, -0.0026272294497564604, 2.0409112050575853e-05, 2.0826592734648024e-10, 3.0508143951835753e-09, -96.81381775543346
17, 1.1605166051660516, -0.0015620294657617212, 0.0005951965637860902, 6.168208774955409e-06, 1.902339974571845e-11, 2.786670989778216e-10, -107.2071186600729
18, 1.2287822878228782, -0.0008850656526851342, -0.0006192564569018358, 3.985956900398579e-06, 7.943926205917526e-12, 1.1636778388127834e-10, -110.99964798816762
19, 1.2970479704797049, -0.001997228725252983, 0.0004210694495152816, 7.53185440600787e-06, 2.836441539665008e-11, 4.155003552698471e-10, -105.47226163011507
20, 1.3653136531365313, -0.00040773813476834063, -0.00039642904082962794, 2.098480774175632e-06, 2.2018107797923803e-12, 3.2253552503985677e-11, -116.57220006355651
21, 1.433579335793358, -0.002110728865465928, 0.0004141427337812454, 7.93717463155015e-06, 3.1499370565861635e-11, 4.6142321207289205e-10, -105.01698124385136
22, 1.5018450184501846, -0.0002617458159960823, -0.00033763426829908994, 1.576418017758934e-06, 1.2425468833575033e-12, 1.820163272377748e-11, -119.05687215633407
23, 1.570110701107011, -0.002168114343016784, 0.000437313973290825, 8.161543598558652e-06, 3.3305396955586855e-11, 4.878790581061641e-10, -104.77485385769513
24, 1.6383763837638377, -0.00021221837237239368, -0.0003083546781824489, 1.3812732574446392e-06, 9.539579058658624e-13, 1.3974194188629658e-11, -120.20470788454718
25, 1.7066420664206643, -0.002202733693308878, 0.00046740267898187475, 8.309141311339698e-06, 3.4520914665905995e-11, 5.056847499708391e-10, -104.61917705740919
26, 1.7749077490774907, -0.0002601881616484785, -0.0002422488457213787, 1.3118191866678999e-06, 8.604347892550152e-13, 1.2604206912870761e-11, -120.65282038456544
27, 1.8431734317343174, -0.0021856301239570933, 0.00047165059345331015, 8.250705758836654e-06, 3.403707275945016e-11, 4.985971198816753e-10, -104.68047796974132
28, 1.911439114391144, -0.001108169424080195, 0.0004053522688389022, 4.354165260286796e-06, 9.479377556944193e-12, 1.3886007123956086e-10, -110.23220178744143
29, 1.9797047970479704, 0.0027598796970522838, -0.0031683853254066948, 1.5505007056901316e-05, 1.202026219172798e-10, 1.760805975112585e-09, -99.20086059190285
30, 2.047970479704797, -0.0036119378662183886, 0.002227641821527759, 1.56591894026548e-05, 1.226051063741082e-10, 1.7959991258045038e-09, -99.11491441531183
31, 2.1162361623616235, -0.0021891153456525167, 0.0005533548623252866, 8.331991867634308e-06, 3.471104424116212e-11, 5.084698913164829e-10, -104.59532320890594
32, 2.1845018450184504, -0.00023275280912867337, -0.00025347264167781486, 1.2698352062027061e-06, 8.062407254559346e-13, 1.1810337113435581e-11, -120.9353526820967
33, 2.2527675276752768, -0.0023515762681988895, 0.0007454757772120843, 9.10298902821373e-06, 4.143220462388977e-11, 6.069258082742771e-10, -103.82661957106818
34, 2.321033210332103, -3.69591051995943e-05, -0.00039649876139617073, 1.4694375748835515e-06, 1.0796233932398266e-12, 1.5815023760432054e-11, -119.66727713736768
35, 2.38929889298893, -0.002402836818290402, 0.0009116367268261175, 9.483255772402234e-06, 4.496607002240015e-11, 6.586921608686724e-10, -103.47115067561435
36, 2.4575645756457565, 3.7594220354767696e-05, -0.00045268690005938607, 1.676181765762785e-06, 1.4047926559378238e-12, 2.0578314041035145e-11, -118.52387771863667
37, 2.525830258302583, -0.0024231566491935224, 0.0011843681018569173, 9.952444724400705e-06, 4.952557799612571e-11, 7.254827911864901e-10, -103.05170447257096
38, 2.5940959409594098, 8.860288415203947e-05, -0.0004936127288582554, 1.8505599333656554e-06, 1.7122860334891493e-12, 2.508267649057078e-11, -117.66423685692841
39, 2.662361623616236, -0.0023820425004089335, 0.0017920219865500615, 1.099944807375462e-05, 6.049392896361211e-11, 8.861543107642638e-10, -102.1828820799052
40, 2.7306273062730626, 0.00013240930793294, -0.0005348854516041069, 2.0333230765648434e-06, 2.06720136684556e-12, 3.028170650892685e-11, -116.8461721652688
41, 2.7988929889298895, -0.0020681117433944563, 0.003931755747927246, 1.6392981950391707e-05, 1.3436492861293415e-10, 1.96826462995163e-09, -98.71714074269617
42, 2.867158671586716, 0.00016868515638483142, -0.000610399233846529, 2.3368217560425286e-06, 2.7303679597568436e-12, 3.999620092400565e-11, -115.63778821045871
43, 2.9354243542435423, 0.0028437596933369074, 0.032340494167130036, 0.00011979808838062466, 7.175790989825978e-09, 1.0511564098609946e-07, -81.44130219530183
44, 3.003690036900369, -0.01175382540590938, -0.07057247898111305, 0.00026400214728318353, 3.484856688506586e-08, 5.10484412208262e-07, -74.57815077155794
45, 3.0719557195571956, 0.0013835543240214268, 0.026302928392810183, 9.719295671579154e-05, 4.723235417578864e-09, 6.918901611696606e-08, -83.25760407587084
46, 3.140221402214022, 0.00026582907256478744, -0.0006512243103835244, 2.5955369076214402e-06, 3.3684059194125346e-12, 4.934259481950253e-11, -114.72575578117028
47, 3.208487084870849, -0.002452551926757855, 0.003853143809977739, 1.6854111017203448e-05, 1.4203052909010932e-10, 2.080555318022682e-09, -98.4761829512175
48, 3.2767527675276753, 0.00032160560366352757, -0.0006481176794991612, 2.6698295244281106e-06, 3.5639948447540153e-12, 5.220770826639665e-11, -114.48062932832835
49, 3.3450184501845017, -0.0028534840101829143, 0.0019608371099868577, 1.2775871880471448e-05, 8.161145115311053e-11, 1.1954974736482676e-09, -100.88248899779344
50, 3.4132841328413286, 0.0003770917623088774, -0.0006716830773071457, 2.842421684387468e-06, 4.039680515938045e-12, 5.917586053076811e-11, -113.93652980347724
51, 3.481549815498155, -0.0030358098648399917, 0.001461005600995527, 1.2432017940705495e-05, 7.727753503901164e-11, 1.1320114592201163e-09, -101.11946739284446
52, 3.5498154981549814, 0.0004383129914898203, -0.0006980124156461507, 3.0414044581310064e-06, 4.62507053896958e-12, 6.775103330058141e-11, -113.34881639259731
53, 3.6180811808118083, -0.0031780482970059465, 0.0012784531138349334, 1.2640427739021529e-05, 7.989020671271246e-11, 1.1702835686024366e-09, -100.97506455120353
54, 3.6863468634686347, 0.0005128716781909344, -0.0007218837425597872, 3.2676177810735884e-06, 5.338662981594141e-12, 7.820419827091957e-11, -112.72567494360996
55, 3.754612546125461, -0.0033227043465882673, 0.0012040000670941354, 1.3041020765488073e-05, 8.503411130294556e-11, 1.2456348196269322e-09, -100.70406822769644
56, 3.822878228782288, 0.0006441492489121146, -0.000729057394369358, 3.5898823948288243e-06, 6.443627804350967e-12, 9.439043972860065e-11, -111.90869553166671
57, 3.8911439114391144, -0.003573017725684163, 0.0011475709140190444, 1.384790500851169e-05, 9.588223656238158e-11, 1.404545195048941e-09, -100.1826184410676
58, 3.959409594095941, 0.0025906557581947477, -0.0001841377742860422, 9.583732678134866e-06, 4.592396602297504e-11, 6.727240428230398e-10, -103.37960613042219
59, 4.027675276752768, -0.00588468413454696, 0.00047854160197438394, 2.1786382056386342e-05, 2.373232215534164e-10, 3.4764644887013965e-09, -96.24659764947025
60, 4.095940959409594, 0.0010242189696318942, -0.0006948738141285672, 4.567118162564485e-06, 1.04292841554132e-11, 1.5277491924956632e-10, -109.81745499629369
61, 4.1642066420664205, -0.0037554437648598675, 0.0011987382738376535, 1.4546578199920416e-05, 1.0580146866319995e-10, 1.5498485409582262e-09, -99.75508303681772
62, 4.232472324723247, 0.0007893288321705812, -0.0008016889709657946, 4.151488657006355e-06, 8.617429034626216e-12, 1.2623369018290293e-10, -110.64622284362967
63, 4.300738007380073, -0.003855965141297795, 0.0012422993619532763, 1.4948874112729537e-05, 1.1173441861911765e-10, 1.6367582403124802e-09, -99.5181302640219
64, 4.369003690036901, 0.0008042383499768572, -0.0008108232536316834, 4.214134701328137e-06, 8.879465640468992e-12, 1.3007217235497818e-10, -110.51613168948697
65, 4.437269372693727, -0.003999235084733635, 0.0012781839177033775, 1.5492722378739695e-05, 1.2001222335235087e-10, 1.7580168934317342e-09, -99.20774518417979
66, 4.5055350553505535, 0.0008144612453376208, -0.0007725785301875561, 4.142425473575117e-06, 8.579844402062014e-12, 1.256831261058814e-10, -110.66520588134816
67, 4.57380073800738, -0.004151417168772662, 0.0013080828950393264, 1.6061347278389765e-05, 1.2898343819851917e-10, 1.8894330676647943e-09, -98.8946605063683
68, 4.642066420664206, 0.0007334192482790705, -0.0006201868842194066, 3.5442330254247334e-06, 6.280793869255679e-12, 9.200514262531291e-11, -112.01985459567398
69, 4.710332103321033, -0.004287213203013209, 0.0013091619494581153, 1.6541123758078627e-05, 1.368043875900366e-10, 2.0039994073999953e-09, -98.63899973700809
70, 4.77859778597786, 0.00022144710667482503, 1.5020361572212195e-06, 8.171667920209399e-07, 3.3388078299089705e-13, 4.890902280569356e-12, -124.76408576696412
71, 4.8468634686346865, -0.004246268850152322, 0.0011121820717472767, 1.6197432887047793e-05, 1.3117841606520869e-10, 1.9215865272254892e-09, -98.82137617360593
72, 4.915129151291513, -0.005572258245829627, 0.006193691805396141, 3.074309684821421e-05, 4.725690019093392e-10, 6.922497271212481e-09, -93.2553476924881
73, 4.983394833948339, 0.024434039711212798, -0.029050495405990518, 0.00014007341092835344, 9.810280224551682e-09, 1.4370734815424353e-07, -80.08318587091169
74, 5.051660516605166, -0.017349218050859982, 0.018297681845852915, 9.304459529237201e-05, 4.328648356560648e-09, 6.340884889880732e-08, -83.6364769323702
75, 5.119926199261992, -0.004443276883915398, 0.0010057665349759517, 1.681064979455245e-05, 1.412989732575432e-10, 2.0698390136645515e-09, -98.49860993920751
76, 5.1881918819188195, 0.00021917486485555128, 0.00019654044257539998, 1.0863118110131318e-06, 5.900366753733151e-13, 8.643239947360454e-12, -122.29120992735447
77, 5.256457564575646, -0.005146644091016788, 0.0015512736685407678, 1.9835242519968896e-05, 1.96718422912991e-10, 2.881659059968679e-09, -97.06154965984118
78, 5.324723247232472, 0.0013324945924522759, -0.0008284290606960147, 5.789756733835967e-06, 1.6760641518499462e-11, 2.4552074873045155e-10, -107.75709362638179
79, 5.392988929889299, -0.0054918471753898565, 0.0017231880782927792, 2.1239283932593102e-05, 2.2555359098465376e-10, 3.304055305775198e-09, -96.4675025421289
80, 5.461254612546125, 0.0017575433018603068, -0.001133796511616005, 7.71778339959237e-06, 2.978209030151178e-11, 4.3626737684917247e-10, -105.26044823892323
81, 5.529520295202952, -0.005804021227196619, 0.0018748003522063568, 2.250666574475967e-05, 2.5327500147316916e-10, 3.7101365080664237e-09, -95.96407673446822
82, 5.597785977859779, 0.002054335250432643, -0.0012954454382805192, 8.961907927148834e-06, 4.015789684734655e-11, 5.882589213854549e-10, -103.96229040173534
83, 5.666051660516605, -0.006103329453676334, 0.0020914994143607125, 2.3807173311296688e-05, 2.8339075053705867e-10, 4.15129153489421e-09, -95.47614328599037
84, 5.734317343173432, 0.0023206401914687338, -0.0014162821641928685, 1.0032032997990877e-05, 5.032084303638891e-11, 7.371323493438592e-10, -102.98252091668813
85, 5.802583025830258, -0.006303943314596533, 0.0026509810769760824, 2.523494319667902e-05, 3.1840117906980835e-10, 4.6641470015090845e-09, -94.97025332697675
86, 5.870848708487085, 0.0025761513747589926, -0.0015527107496184753, 1.1099264549020258e-05, 6.159683676456894e-11, 9.023104196323342e-10, -102.10441589961653
87, 5.939114391143911, -0.004256937943107822, 0.009593972329094298, 3.873059385526167e-05, 7.500294501906164e-10, 1.0986917891981461e-08, -91.24921683536074
88, 6.007380073800738, -0.002453742583131753, -0.01671148641352115, 6.232718440448421e-05, 1.94233895789529e-09, 2.845264095079046e-08, -87.11674979011862
89, 6.075645756457565, -0.005704709857044658, 0.0070633028285658, 3.350300748815434e-05, 5.612257553756628e-10, 8.22119890307052e-09, -92.50862406850968
90, 6.143911439114391, 0.0031651546517639925, -0.0017201774526322232, 1.3292952401366255e-05, 8.835129177249445e-11, 1.2942270308295133e-09, -100.53787096348898
91, 6.212177121771218, -0.007676014679291609, 0.0028749741041612714, 3.0246302511175308e-05, 4.5741940779876487e-10, 6.700576189917042e-09, -93.39685412704571
92, 6.280442804428044, 0.0034917825524411737, -0.0017867700567944975, 1.4473739997425636e-05, 1.0474457475653932e-10, 1.5343664734606569e-09, -99.79868462054415
93, 6.3487084870848705, -0.008321980538485886, 0.0025987641682860907, 3.217088688479089e-05, 5.174829814770053e-10, 7.580426377311807e-09, -92.86103928329325
94, 6.416974169741698, 0.0038164043588363996, -0.0018832436462744473, 1.5703935579930563e-05, 1.2330679634930454e-10, 1.806277935711434e-09, -99.090129855644
95, 6.485239852398524, -0.008891736325959961, 0.002618642819743062, 3.420412723727298e-05, 5.849611600317796e-10, 8.568890506411472e-09, -92.32872969035527
96, 6.553505535055351, 0.004103349832873615, -0.001997156111320881, 1.6839717940763788e-05, 1.4178805016224089e-10, 2.0770033294036366e-09, -98.48360369768517
97, 6.621771217712177, -0.00939803517065006, 0.002727160324729444, 3.610969666574267e-05, 6.519550966459736e-10, 9.550261145462639e-09, -91.85782315235001
98, 6.6900369003690034, 0.004179564684359887, -0.0021483259224258397, 1.7340843534995167e-05, 1.5035242725259184e-10, 2.2024598802947234e-09, -98.22889556363612
99, 6.75830258302583, -0.0095409381607292, 0.0029223814354215494, 3.68209133936674e-05, 6.778898315719776e-10, 9.93016996518951e-09, -91.68840880510531
100, 6.826568265682657, 0.0029067425869822986, -0.0024758949425272903, 1.40895680390002e-05, 9.925796376280797e-11, 1.4539950367416733e-09, -100.03234638423876
101, 6.894833948339484, -0.005757257019443445, 0.0036349796022181113, 2.512454105790239e-05, 3.156212816851115e-10, 4.623425261441363e-09, -95.0083372090368
102, 6.96309963099631, -0.05362990191126248, -0.009763326611990052, 0.00020114894872468367, 2.023044978652271e-08, 2.963487509269002e-07, -76.93994461389684
103, 7.031365313653136, 0.05157932368616734, 0.01149604336163692, 0.0001949997074186805, 1.90124429466855e-08, 2.785065966784741e-07, -77.2096207618559
104, 7.099630996309963, -0.00127263648101814, -0.0035344264858230634, 1.3861860323970242e-05, 9.607558582063019e-11, 1.4073775003995015e-09, -100.17386958746087
105, 7.167896678966789, -0.011510840300708135, 0.0036062165703730437, 4.451112152352952e-05, 9.906199696412066e-10, 1.4511243879609025e-08, -90.04092921439808
106, 7.236162361623617, 0.006397016543717982, -0.0027378366166322136, 2.567628595112462e-05, 3.296358301219597e-10, 4.82871945746222e-09, -94.81965588302222
107, 7.304428044280443, -0.01438524441757653, 0.0035973723960488427, 5.471670842353884e-05, 1.496959090353283e-09, 2.1928427755985928e-08, -88.24790068111585
108, 7.372693726937269, 0.008282255478169562, -0.002713576983563227, 3.2160371721808815e-05, 5.1714475464246e-10, 7.575471811249008e-09, -92.86387875971515
109, 7.440959409594096, -0.016274810656165758, 0.003772391188220671, 6.164685656413196e-05, 1.9001674621193297e-09, 2.783488552618045e-08, -87.2120812290533
110, 7.509225092250922, 0.009696663917385034, -0.002720524609459986, 3.716263720789345e-05, 6.905308021227534e-10, 1.0115343101365738e-08, -91.6081694432129
111, 7.577490774907749, -0.018199131728324047, 0.003998166843709743, 6.87569570906422e-05, 2.3637595741822066e-09, 3.462588349207448e-08, -86.26396699075056
112, 7.645756457564576, 0.011050044169030973, -0.002567920705323649, 4.1861625671357725e-05, 8.76197851924438e-10, 1.2835114479541768e-08, -90.57397815867392
113, 7.714022140221402, -0.020354252434100016, 0.004235117501870298, 7.671655159673618e-05, 2.9427146444473424e-09, 4.310679289974215e-08, -85.31251849470345
114, 7.782287822878229, 0.012058930817049646, -0.0015834875510818518, 4.4879897683588686e-05, 1.0071026080446946e-09, 1.4752692258384443e-08, -89.96926279359549
115, 7.850553505535055, -0.022739628453823754, 0.004299933312334832, 8.539706343280837e-05, 3.6463292214735482e-09, 5.341379562266657e-08, -84.38144122127994
116, 7.918819188191882, 0.006081396594385491, 0.010306886492488513, 4.415962819032173e-05, 9.750363809537289e-10, 1.4282965364241108e-08, -90.10979179426923
117, 7.987084870848708, 0.009014370700191943, -0.046940607921699073, 0.00017637757061102728, 1.5554523707323958e-08, 2.2785275268566446e-07, -78.08143282816154
118, 8.055350553505535, -0.00242728836888334, 0.025936732523325307, 9.612569659597068e-05, 4.620074773030304e-09, 6.767785208060606e-08, -83.35350995601522
119, 8.123616236162361, -0.02939249131079653, 0.004966821111495855, 0.00010999701410000607, 6.049671555458467e-09, 8.861951305563483e-08, -82.18268203120098
120, 8.191881918819188, 0.019678663523233355, -0.0021299338643785046, 7.303909718099268e-05, 2.6673548585072463e-09, 3.9073144143538575e-08, -85.73919202967912
121, 8.260147601476016, -0.03431626176620391, 0.005987190751481222, 0.00012854111393739693, 8.261408986133429e-09, 1.2101847758065725e-07, -80.82945877289943
122, 8.328413284132841, 0.02492443123370884, -0.0042564205253847465, 9.3303543511354e-05, 4.352775615887565e-09, 6.376228064354217e-08, -83.61233719999399
123, 8.396678966789668, -0.04017022710420269, 0.006769353211070076, 0.00015031958930444253, 1.1297989464328137e-08, 1.6550027809907702e-07, -79.46998834590512
124, 8.464944649446494, 0.03050491633086084, -0.005271263828146016, 0.00011423248982898899, 6.524530866265037e-09, 9.557556025717972e-08, -81.85450709969304
125, 8.533210332103321, -0.047618381789755485, 0.0077077831942595106, 0.00017800059521977388, 1.5842105949296894e-08, 2.3206544390591664e-07, -78.00187086549214
126, 8.601476014760147, 0.03756916618399282, -0.006179335730971464, 0.00014049431771896806, 9.869326655659172e-09, 1.445722985774938e-07, -80.05712476480015
127, 8.669741697416974, -0.05732507296612527, 0.0090149382967619, 0.0002141313216568986, 2.2926111457265084e-08, 3.3583655161723445e-07, -76.39669600562793
128, 8.738007380073801, 0.04699494889575891, -0.007225320044473838, 0.00017545069913889113, 1.5391473914162847e-08, 2.254642935534125e-07, -78.12719789386351
129, 8.806273062730627, -0.07003592268143315, 0.011477562793187858, 0.00026188254310154, 3.4291233190664976e-08, 5.023202267389302e-07, -74.64816896387805
130, 8.874538745387454, 0.05999109661697463, -0.008714284195840276, 0.00022369265504454104, 2.5019201960438018e-08, 3.66497498988038e-07, -76.01726547148816
131, 8.94280442804428, -0.0780244567241961, 0.03235765169099097, 0.0003116898282154373, 4.85752745064844e-08, 7.115621292571498e-07, -73.13584736455107
132, 9.011070110701107, 0.05797115413541611, -0.0481621124147841, 0.00027810845773997255, 3.867215713325305e-08, 5.664948423303555e-07, -74.1260160230139
133, 9.079335793357934, -0.11148788272734009, 0.02466246687954315, 0.00042133993225342155, 8.876366925565893e-08, 1.3002678036910036e-06, -70.51764753482068
134, 9.14760147601476, 0.10815965893298003, -0.012638948888674685, 0.00040182883566080413, 8.073320658425877e-08, 1.1826323775315743e-06, -70.9294779774335
135, 9.215867158671587, -0.15984548884896024, 0.01847588928218112, 0.0005937628135969921, 1.7627713940530822e-07, 2.5822218799372173e-06, -67.53804005760087
136, 9.284132841328413, 0.15579914358527963, -0.01605291978777201, 0.0005779482452395282, 1.6701208708772494e-07, 2.4465013838255923e-06, -67.77252096723421
137, 9.35239852398524, -0.23312490913489256, 0.022775351467803674, 0.0008643350424530487, 3.7353753280615677e-07, 5.4718200751604585e-06, -64.27665754031567
138, 9.420664206642066, 0.24140299424012668, -0.02194277483737681, 0.000894458330231277, 4.000278522600621e-07, 5.859867457431179e-06, -63.979097695176776
139, 9.488929889298893, -0.37118185724555575, 0.031645198377893126, 0.00137464344794834, 9.448223044936501e-07, 1.384036997393401e-05, -60.24649862849902
140, 9.55719557195572, 0.4191220838166572, -0.0332053271328814, 0.0015514220933523064, 1.203455255870826e-06, 1.7628993207621288e-05, -59.19570052035926
141, 9.625461254612546, -0.6847175266882172, 0.05051704838039876, 0.002533500072203714, 3.209311307928112e-06, 4.701207375397397e-05, -54.93588153656171
142, 9.693726937269373, 0.8882560991964564, -0.0602579669068852, 0.0032852312113582777, 5.396372056041289e-06, 7.904955822633455e-05, -52.678981152797135
143, 9.761992619926199, -1.679075391805408, 0.10486631646940425, 0.006207922166275254, 1.9269148811265822e-05, 0.0002822669906947588, -47.15137469295505
144, 9.830258302583026, 2.9309277150318205, -0.16589164327264722, 0.010832541426621527, 5.8671976879735776e-05, 0.0008594651748328861, -42.31569278521412
145, 9.898523985239853, -9.14332368777511, 0.46682430528881724, 0.03378314794551107, 0.0005706505425541444, 0.008359259299036385, -32.43629765486048
146, 9.966789667896679, 77.56673669090402, -3.5127334705132633, 0.2865174753575835, 0.04104613184264173, 0.6012703637489679, -13.86727764209596
147, 10.035055350553506, -75.81374660947822, 2.9939193330114695, 0.27997357637573167, 0.03919260173430883, 0.5741186524323076, -14.067959056632855
148, 10.103321033210332, 8.113917960143045, -0.2713131631119715, 0.02995739032194923, 0.0004487226174508087, 0.006573179963738874, -33.48022039701322
149, 10.171586715867159, -3.1301177980809305, 0.08668847565827412, 0.0115546789105497, 6.675530236295101e-05, 0.000977874969749174, -41.75514232652327
150, 10.239852398523984, 1.5229351888257125, -0.030502749450739285, 0.005620814120977016, 1.579677569128731e-05, 0.00023140141688318168, -48.01431548639311
151, 10.308118081180812, -0.9598448111882658, 0.014957759289554144, 0.003542292809490862, 6.273919174085333e-06, 9.190443763119595e-05, -52.024610805497886
152, 10.376383763837639, 0.6243022220257213, -0.0015669860875060049, 0.0023037054928947945, 2.653529498996824e-06, 3.887062130962915e-05, -55.76176080003569
153, 10.444649446494465, -0.4555254992593383, 0.0013473539395863782, 0.0016809132540872148, 1.4127346838830348e-06, 2.069465401796229e-05, -58.49939392393992
154, 10.512915129151292, 0.33762790753358785, 0.008963878481137857, 0.0012462984508028777, 7.766299142368265e-07, 1.1376578743685404e-05, -61.09785885309704
155, 10.581180811808117, -0.26335318133078967, -0.0028445410113655686, 0.0009718396426875969, 4.72236145549578e-07, 6.917621375347872e-06, -63.25840774538218
156, 10.649446494464945, 0.20798652858366423, 0.019844394843511252, 0.0007709633938539304, 2.971922773313853e-07, 4.353465251719212e-06, -65.26962480092959
157, 10.717712177121772, -0.17024774244507823, -0.004838311725129381, 0.000628474092782143, 1.9748984264916887e-07, 2.892959316644582e-06, -67.04455236214007
158, 10.785977859778598, 0.12833356690258393, 0.0503704259715254, 0.0005087259466942145, 1.2940104441996236e-07, 1.8955504344762052e-06, -68.88062218381415
159, 10.854243542435425, -0.11707492367855696, -0.008607139276274113, 0.0004331767087296368, 9.38210304929203e-08, 1.3743513115449404e-06, -70.27699801244636
160, 10.92250922509225, -0.05043848009272574, 0.36266499264160096, 0.001351127744563714, 9.127730910649144e-07, 1.3370892306950907e-05, -60.39637171585328
161, 10.990774907749078, 0.4400114305083005, -1.173376541621431, 0.004624225166130914, 1.0691729193539238e-05, 0.00015661938440265585, -49.70952049844513
162, 11.059040590405903, -0.19768346933327957, 0.6177330572854497, 0.0023933321160134816, 2.8640193087707845e-06, 4.195401257712878e-05, -55.43024058408757
163, 11.12730627306273, -0.06364861314118044, -0.010622405248212372, 0.0002381140939877317, 2.8349160877799165e-08, 4.1527689718289587e-07, -75.47459791498935
164, 11.195571955719558, 0.0402521561586433, 0.05875748492831921, 0.00026281452365354744, 3.4535736921620525e-08, 5.059018759869818e-07, -74.61731272607628
165, 11.263837638376383, -0.05162722895776045, -0.005663316790695947, 0.0001916491608064043, 1.836470041889951e-08, 2.690180439741495e-07, -77.36016151853403
166, 11.33210332103321, 0.04485764389679443, 0.022214590587365326, 0.00018471191918449103, 1.7059246544408973e-08, 2.498949088397206e-07, -77.68040154225449
167, 11.400369003690036, -0.04185188534994771, -0.004748970351921182, 0.00015542604623489838, 1.2078627924106385e-08, 1.769355766179908e-07, -79.17982396744105
168, 11.468634686346864, 0.04029285739749253, 0.012516962483187807, 0.00015569107953259021, 1.2119856123011666e-08, 1.7753951401817087e-07, -79.1650253572691
169, 11.53690036900369, -0.03458893076131625, -0.004519730288927862, 0.0001287194727855816, 8.284351337099043e-09, 1.2135455201912651e-07, -80.81741491076528
170, 11.605166051660516, 0.03526026539912248, 0.008576656157634992, 0.0001339054014547471, 8.965328269378493e-09, 1.313299438379228e-07, -80.47433803930068
171, 11.673431734317344, -0.029402040885939167, -0.004849807724198176, 0.00010996066289309175, 6.0456736919440824e-09, 8.856094975766737e-08, -82.18555297054402
172, 11.74169741697417, 0.030934970343476014, 0.0066751189289346235, 0.0001167784225284586, 6.818599984117604e-09, 9.988327544302003e-08, -81.66304786866719
173, 11.809963099630997, -0.02704218443532995, -0.007159088712125533, 0.00010322427534670933, 5.327625510426632e-09, 7.804251423381714e-08, -82.73466310202473
174, 11.878228782287822, 0.027965768915423118, 0.0063936698201678, 0.00010585732828615155, 5.60288697594103e-09, 8.207472272864967e-08, -82.51588138235667
175, 11.94649446494465, -0.06038720767514725, -0.0523064445277733, 0.00029480090218255415, 4.345378596382393e-08, 6.36539243037637e-07, -73.619723791332
176, 12.014760147601477, 0.08903976950816854, 0.08532253413352266, 0.0004550582378371465, 1.035389999117245e-07, 1.5167064311393155e-06, -69.84896034205593
177, 12.083025830258302, -0.033911779645874905, -0.023622906511512217, 0.00015250393997152926, 1.16287258534199e-08, 1.7034511925820499e-07, -79.3446786782899
178, 12.15129151291513, 0.021837690481744148, 0.004564350786963977, 8.232322833726663e-05, 3.38855696193487e-09, 4.96377803613162e-08, -84.69985209434884
179, 12.219557195571955, -0.017432307325968687, -0.0057419989910625704, 6.772558773263081e-05, 2.2933776168651368e-09, 3.359488292813254e-08, -86.39524430477834
180, 12.287822878228782, 0.019217985404111064, 0.0035962953964755818, 7.21460538380227e-05, 2.602526542199435e-09, 3.8123496915461995e-08, -85.84604832587083
181, 12.35608856088561, -0.014064929210273528, -0.003741454036459599, 5.3705024726991825e-05, 1.4421148404634016e-09, 2.112503360895037e-08, -88.410001539067
182, 12.424354243542435, 0.017288526822817556, 0.0031602351687288707, 6.485235873928148e-05, 2.1029142170242296e-09, 3.080485150343601e-08, -86.77178442878525
183, 12.492619926199263, -0.012067347574953693, -0.0030507771693796524, 4.592993522525086e-05, 1.0547794748978699e-09, 1.545109392958501e-08, -89.76838329793776
184, 12.560885608856088, 0.015706002205071602, 0.0028589203552208137, 5.89080535975779e-05, 1.7350793893275552e-09, 2.541656835177121e-08, -87.60680649081706
185, 12.629151291512915, -0.01062213078676145, -0.0026714647222433217, 4.0416667122544754e-05, 8.16753490647295e-10, 1.1964334917049564e-08, -90.87909000757492
186, 12.697416974169741, 0.01442429775670594, 0.0026156188781822675, 5.409420765762878e-05, 1.4630916510533319e-09, 2.143231553705151e-08, -88.34728467928
187, 12.765682656826568, -0.00967813314449574, -0.00236666724286374, 3.6764949855087965e-05, 6.758307689235662e-10, 9.900007479907374e-09, -91.7016203974442
188, 12.833948339483396, 0.013679635922405932, 0.002344509960706109, 5.121435779255485e-05, 1.3114552220519118e-09, 1.921104676627395e-08, -88.82246533245763
189, 12.902214022140221, -0.011026487457275733, -0.0016600866665246665, 4.114669349815656e-05, 8.465251929156197e-10, 1.2400450123250429e-08, -90.72360112591751
190, 12.970479704797048, 0.03256662639587503, -0.002123007385531655, 0.00012042712952226664, 7.251346762486393e-09, 1.0622243095317905e-07, -81.39581326229259
191, 13.038745387453874, -0.02558505246597899, 0.0017229506192204614, 9.462361764085791e-05, 4.476814507721638e-09, 6.557928278878724e-08, -83.49030899796102
192, 13.107011070110701, 0.012672994545739336, 0.0019498378532244822, 4.731408113660054e-05, 1.1193111369004095e-09, 1.6396395572973565e-08, -89.51049175083133
193, 13.175276752767529, -0.007369562855298421, -0.0018689741155741304, 2.805484383568328e-05, 3.9353713132228807e-10, 5.7647871669373e-09, -94.0501428448004
194, 13.243542435424354, 0.010576770856096176, 0.00218360388153032, 3.985175065309789e-05, 7.94081015058344e-10, 1.1632213788151958e-08, -91.00135186996192
195, 13.311808118081181, -0.006100007202924193, -0.0018906014665317863, 2.3565576944534833e-05, 2.7766820836439584e-10, 4.067464025229799e-09, -95.56473841972091
196, 13.380073800738007, 0.009653550069061115, 0.0022696108510362172, 3.659321655612766e-05, 6.695317489618276e-10, 9.807735349657043e-09, -91.74228824070939
197, 13.448339483394834, -0.005381611030648955, -0.0018297036919225438, 2.0974720541104883e-05, 2.1996945088872357e-10, 3.2222551995050856e-09, -96.57637629321823
198, 13.51660516605166, 0.008894685653163537, 0.002497952074548802, 3.4091467381824726e-05, 5.811140741230096e-10, 8.512535896612734e-09, -92.3573860616518
199, 13.584870848708487, -0.004824697692478757, -0.0017654206465113802, 1.8957748316304967e-05, 1.796981106121819e-10, 2.6323344851838535e-09, -97.45456489140426
200, 13.653136531365314, 0.008126485477291069, 0.0031751070335149663, 3.219460891292695e-05, 5.182464215281576e-10, 7.591609742385443e-09, -92.85463688010638
201, 13.72140221402214, -0.0043568415774798246, -0.0017189732701007904, 1.7282983264659965e-05, 1.493507552632582e-10, 2.187786739261782e-09, -98.25792576837316
202, 13.789667896678967, 0.006943318575389058, 0.005795921131072952, 3.337441519592643e-05, 5.569257948350425e-10, 8.15821029190792e-09, -92.5420266665848
203, 13.857933579335793, -0.003935909978965866, -0.0017683122092427253, 1.592212030493959e-05, 1.2675695750248477e-10, 1.8568181342255876e-09, -98.9702819355668
204, 13.92619926199262, -0.0012623694850154238, 0.03606970155748767, 0.00013318001858701796, 8.868458675419224e-09, 1.299109351912762e-07, -80.52151853327942
205, 13.994464944649447, 0.02244302586608223, -0.10193339726175307, 0.0003851470051010343, 7.416910776914807e-08, 1.0864772002940068e-06, -71.2977694538171
206, 14.062730627306273, -0.00557695719493463, 0.049089966156086316, 0.00018230900681993873, 1.6618286983836235e-08, 2.434354471686281e-07, -77.79413745402056
207, 14.1309963099631, -0.003304613415584665, -0.0017538073476861147, 1.3805034179091453e-05, 9.528948434294161e-11, 1.3958621760506582e-09, -100.20955023221212
208, 14.199261992619926, 0.005448023633845019, 0.006027797243716726, 2.9981476270427613e-05, 4.49444459677107e-10, 6.583753976891675e-09, -93.47323968771838
209, 14.267527675276753, -0.0031303272127360996, -0.0016132761768885735, 1.2994803520227917e-05, 8.443245926466392e-11, 1.2368214303094012e-09, -100.73490560845002
210, 14.335793357933579, 0.005963608023765638, 0.002927256407705044, 2.4514026541506964e-05, 3.0046874863885395e-10, 4.401461128709698e-09, -95.22200691712794
211, 14.404059040590406, -0.0030154054937087237, -0.001646961883042356, 1.2678460814772982e-05, 8.0371684315867e-11, 1.1773365648432409e-09, -100.94896930248439
212, 14.472324723247233, 0.00592669268054188, 0.0020854431508131027, 2.318411136172636e-05, 2.6875150981646463e-10, 3.936846441095238e-09, -95.70649087250786
213, 14.540590405904059, -0.0030661844223543538, -0.0018264380222354376, 1.3169535823467077e-05, 8.671833690279133e-11, 1.2703064486841323e-09, -100.61889059690219
214, 14.608856088560886, 0.005834510769465635, 0.0017790960517953102, 2.2508226546275648e-05, 2.5331013112923387e-10, 3.7106511100552635e-09, -95.96347440270512
215, 14.677121771217712, -0.003577001268324112, -0.002394395217752244, 1.5883483635130408e-05, 1.2614252619372773e-10, 1.8478175458648763e-09, -98.99138475855696
216, 14.745387453874539, 0.005906713570062405, 0.001804666121799984, 2.2790596663486434e-05, 2.597056481388595e-10, 3.804336791655725e-09, -95.85518605130552
217, 14.813653136531366, -0.006261133374138453, -0.004838418522832698, 2.9198449625464336e-05, 4.262747302653892e-10, 6.24434875145516e-09, -93.70310411738467
218, 14.881918819188192, 0.0074554343884281156, 0.003191828122793737, 2.9926010138043475e-05, 4.4778304139114044e-10, 6.5594164441621106e-09, -93.48932358210567
219, 14.950184501845019, -0.062233852072255534, -0.05389940015345699, 0.00030380003837983307, 4.6147231659794025e-08, 6.759945826921178e-07, -73.35854346879381
220, 15.018450184501845, 0.0945274729735714, 0.08019540172770558, 0.0004574268571022226, 1.046196647992086e-07, 1.5325367113830014e-06, -69.80386675783323
221, 15.086715867158672, -0.0213954092595645, -0.018807764964356623, 0.00010511719978451265, 5.524812845268574e-09, 8.093104221988018e-08, -82.5768242925259
222, 15.154981549815497, 0.006004414513896061, 0.0021682976631349007, 2.355692171073841e-05, 2.7746428024292933e-10, 4.064476753828857e-09, -95.56792918458008
223, 15.223247232472325, -0.004303206288017921, -0.003762355623042036, 2.109233103394681e-05, 2.2244321422279786e-10, 3.2584924894258495e-09, -96.52780838153943
224, 15.291512915129152, 0.004910169836759894, 0.001316608287535596, 1.875875732951478e-05, 1.7594548827381224e-10, 2.5773636390380063e-09, -97.54621865190877
225, 15.359778597785978, -0.0022272776902495066, -0.002103588571800782, 1.1304921005414353e-05, 6.390061946932934e-11, 9.360577230372026e-10, -101.9449493165682
226, 15.428044280442805, 0.004505342602921258, 0.0011181595704041723, 1.712924222841679e-05, 1.467054696598885e-10, 2.149036879882691e-09, -98.3355369393569
227, 15.49630996309963, -0.001357410053492974, -0.0016502655651677743, 7.884891786378256e-06, 3.108575924144764e-11, 4.553643651044492e-10, -105.0743852091785
228, 15.564575645756458, 0.004158863429302532, 0.001064408901620958, 1.584101138043241e-05, 1.2546882077749456e-10, 1.837948671929785e-09, -99.01464183717776
229, 15.632841328413285, -0.0005347714488141053, -0.0015978825323974303, 6.217694755970603e-06, 1.9329864039212166e-11, 2.8315638673656737e-10, -107.13771200665062
230, 15.70110701107011, 0.0036275498097695052, 0.0011466264957205757, 1.4038575502659092e-05, 9.854080107192998e-11, 1.4434895724590823e-09, -100.06383911518135
231, 15.769372693726938, 0.0012752720342253773, -0.002107805839689529, 9.090654526243305e-06, 4.1319999857753943e-11, 6.052821600784496e-10, -103.83839688647497
232, 15.837638376383763, 0.00180670908991559, 0.0017886818852100664, 9.381392237278378e-06, 4.400526015483351e-11, 6.446175947005341e-10, -103.56495407157522
233, 15.90590405904059, 0.0146343793106502, -0.007394916207000291, 6.0504211168569876e-05, 1.830379784565448e-09, 2.6812590357688453e-08, -87.37458789379727
234, 15.974169741697416, -0.09147280637695006, 0.039391294680052924, 0.0003675052306282132, 6.753004726954809e-08, 9.892239356782448e-07, -71.70502946283123
235, 16.042435424354245, 0.07661155666357022, -0.03169867142387947, 0.000305942478958087, 4.680040021550976e-08, 6.85562619373143e-07, -73.2975043302322
236, 16.11070110701107, -0.0013730551806333813, 0.0028196889754194356, 1.1572797271040332e-05, 6.696481833829928e-11, 9.8094409565833e-10, -101.74153304978213
237, 16.178966789667896, 0.0033376045783711098, -0.0023998536494493333, 1.5169104773596412e-05, 1.1505086981617272e-10, 1.68533976865853e-09, -99.39110093597371
238, 16.247232472324722, 0.0027553345517561624, 0.0011520618654284381, 1.1020253677680651e-05, 6.072299556021695e-11, 8.895098268550699e-10, -102.16646812158972
239, 16.31549815498155, 0.0004503940749493176, -0.001187666494928246, 4.687082671590552e-06, 1.0984371985162214e-11, 1.6090620583670052e-10, -109.59224768163162
240, 16.383763837638377, 0.003293193591350117, 0.0009441293299871941, 1.26415430739842e-05, 7.990430564569894e-11, 1.1704900989180763e-09, -100.97429818085422
241, 16.452029520295202, -0.00021317687681005363, -0.0008632760538538933, 3.281208378998634e-06, 5.3831642132054226e-12, 7.885608117722538e-11, -112.68962371846732
242, 16.52029520295203, 0.0034140720803910443, 0.0009783130122569947, 1.3105078914994789e-05, 8.58715466841205e-11, 1.257902116291711e-09, -100.6615071469148
243, 16.588560885608857, -0.00045335292088097767, -0.0007162101648905198, 3.127806121356952e-06, 4.8915855663990095e-12, 7.165511829698008e-11, -113.1055034514564
244, 16.656826568265682, 0.0034166351308800463, 0.0012732339600984967, 1.3454483965360494e-05, 9.051156938707132e-11, 1.3258721785889906e-09, -100.43295904774601
245, 16.725092250922508, -0.0005677929803971904, -0.0006313524360654197, 3.1332623883396616e-06, 4.90866659709198e-12, 7.190533231415819e-11, -113.09036464734604
246, 16.793357933579337, 0.0033145408857001048, 0.0025365827927547094, 1.540139958783829e-05, 1.186015546321327e-10, 1.7373525029896195e-09, -99.25909618191557
247, 16.861623616236162, -0.0006421723827545996, -0.0005818599735954865, 3.197681308810589e-06, 5.112582876358301e-12, 7.489243024287025e-11, -112.91359638895925
248, 16.929889298892988, 0.0020250313537827193, 0.018334042369761463, 6.806471481595068e-05, 2.316402701488348e-09, 3.3932169302883365e-08, -86.35185937245484
249, 16.998154981549817, 0.0032304940015254516, -0.04698197221988097, 0.00017377456126323732, 1.5098799071115312e-08, 2.2117700260931077e-07, -78.21057594265045
250, 17.066420664206642, 0.0016251435983862504, 0.020318243161890612, 7.521451164838115e-05, 2.8286113812522317e-09, 4.1435334287532687e-08, -85.48426715523236
251, 17.134686346863468, -0.0008089727081048017, -0.0005480750492723917, 3.6057214068269934e-06, 6.500613431825216e-12, 9.522520216349371e-11, -111.8704565912847
252, 17.202952029520294, 0.0032218345789339995, 0.0025127185723850605, 1.5076848065343704e-05, 1.1365567379272908e-10, 1.6649020323151123e-09, -99.44408879029483
253, 17.271217712177123, -0.0009615065262088138, -0.0005701276222628402, 4.124828000974711e-06, 8.507103018812515e-12, 1.2461756314044278e-10, -110.70218307969647
254, 17.339483394833948, 0.0033896304700332166, 0.0011401475669241428, 1.3196477509718834e-05, 8.70735093322575e-11, 1.275509244813069e-09, -100.60113951774306
255, 17.407749077490774, -0.0012337334931023208, -0.0006685791772186418, 5.178025722689773e-06, 1.3405975192418473e-11, 1.9637942038623816e-10, -108.727015885978
256, 17.476014760147603, 0.0035259552424513076, 0.0007980081043271558, 1.3339969422707365e-05, 8.897739209938374e-11, 1.3033985545369184e-09, -100.50720327442153
257, 17.54428044280443, -0.001790736186389887, -0.0009328569989403874, 7.450730283562455e-06, 2.7756690879197328e-11, 4.065980123385122e-10, -105.56632311220346
258, 17.612546125461254, 0.00379688299259887, 0.0007665978687297293, 1.4293353409426435e-05, 1.0214997584338115e-10, 1.4963591055976372e-09, -99.90761731734298
259, 17.680811808118083, -0.003208447757413921, -0.001704915661344316, 1.3407013880497855e-05, 8.987401059593108e-11, 1.31653280386472e-09, -100.463658776393
260, 17.74907749077491, 0.0046224075130909485, 0.0011448897544352311, 1.757225783462063e-05, 1.5439212270319308e-10, 2.2616359595981253e-09, -98.11374861732199
261, 17.817343173431734, -0.008893111102681962, -0.0050448244724171755, 3.772829124069361e-05, 7.117119799712992e-10, 1.0425618733633625e-08, -91.47695723801233
262, 17.88560885608856, 0.010005378657477108, 0.0043230823367529855, 4.021914123606285e-05, 8.087896608831857e-10, 1.1847675572937476e-08, -90.92164409160478
263, 17.95387453874539, -0.13242604918024697, -0.08047000263185816, 0.00057180190557718, 1.6347870961084713e-07, 2.3947421786237606e-06, -67.865387989706
264, 18.022140221402214, 0.1809783339850586, 0.1100681020993696, 0.0007816273797073098, 3.054706803540575e-07, 4.4747326689702475e-06, -65.15030467815896
265, 18.09040590405904, -0.03490737936055981, -0.021361398230429464, 0.0001510138063334386, 1.1402584851656651e-08, 1.6703245917832175e-07, -79.42996687298455
266, 18.15867158671587, 0.006546682632933214, 0.0021818464679891187, 2.5463796735553136e-05, 3.2420247209478327e-10, 4.749128104739798e-09, -94.89183677911225
267, 18.226937269372694, -0.006159598633501989, -0.0032410733671303137, 2.5683614282361002e-05, 3.2982402130254903e-10, 4.831476203945448e-09, -94.81717717584041
268, 18.29520295202952, 0.004167064026589276, 0.0005792852381461328, 1.5524487377087607e-05, 1.2050485416067624e-10, 1.7652332690563923e-09, -99.1899545854359
269, 18.363468634686345, -0.003056382181854682, -0.0009570256605307989, 1.1818128918615276e-05, 6.983408556850533e-11, 1.0229749831926997e-09, -101.55932549281432
270, 18.431734317343174, 0.0037363751888732383, 0.00014516182567202613, 1.3797763708372384e-05, 9.518914167603902e-11, 1.3943922915787336e-09, -100.21412589211448
271, 18.5, -0.002483826247689882, -1.3976389956799852e-13, -1.0, -1.0, -1.0, -1.0
272, 18.568265682656826, 0.003736375188186298, -0.00014516182508369946, -1.0, -1.0, -1.0, -1.0
273, 18.636531365313655, -0.003056382181189473, 0.0009570256604260019, -1.0, -1.0, -1.0, -1.0
274, 18.70479704797048, 0.004167064026065656, -0.0005792852381606079, -1.0, -1.0, -1.0, -1.0
275, 18.773062730627306, -0.006159598633215282, 0.0032410733670334866, -1.0, -1.0, -1.0, -1.0
276, 18.84132841328413, 0.006546682633871782, -0.002181846467329687, -1.0, -1.0, -1.0, -1.0
277, 18.90959409594096, -0.03490737936023257, 0.02136139823058179, -1.0, -1.0, -1.0, -1.0
278, 18.977859778597786, 0.18097833398510843, -0.11006810209943936, -1.0, -1.0, -1.0, -1.0
279, 19.04612546125461, -0.13242604918044937, 0.08047000263242636, -1.0, -1.0, -1.0, -1.0
280, 19.11439114391144, 0.010005378657051698, -0.004323082336950565, -1.0, -1.0, -1.0, -1.0
281, 19.182656826568266, -0.008893111102726713, 0.005044824473084177, -1.0, -1.0, -1.0, -1.0
282, 19.25092250922509, 0.004622407513342602, -0.0011448897545179315, -1.0, -1.0, -1.0, -1.0
283, 19.319188191881917, -0.003208447757519491, 0.001704915661655619, -1.0, -1.0, -1.0, -1.0
284, 19.387453874538746, 0.0037968829923094687, -0.0007665978690653199, -1.0, -1.0, -1.0, -1.0
285, 19.45571955719557, -0.0017907361863697849, 0.0009328569990237267, -1.0, -1.0, -1.0, -1.0
286, 19.523985239852397, 0.00352595524224627, -0.0007980081042301068, -1.0, -1.0, -1.0, -1.0
287, 19.592250922509226, -0.001233733493223502, 0.0006685791767076623, -1.0, -1.0, -1.0, -1.0
288, 19.660516605166052, 0.0033896304702230678, -0.0011401475668630164, -1.0, -1.0, -1.0, -1.0
289, 19.728782287822877, -0.0009615065266310531, 0.0005701276215981223, -1.0, -1.0, -1.0, -1.0
290, 19.797047970479706, 0.0032218345783982553, -0.002512718573003522, -1.0, -1.0, -1.0, -1.0
291, 19.865313653136532, -0.0008089727079790828, 0.0005480750496567898, -1.0, -1.0, -1.0, -1.0
292, 19.933579335793358, 0.0016251435984612345, -0.02031824316160208, -1.0, -1.0, -1.0, -1.0
293, 20.001845018450183, 0.003230494001158974, 0.046981972218302546, -1.0, -1.0, -1.0, -1.0
294, 20.070110701107012, 0.0020250313541352784, -0.018334042368644356, -1.0, -1.0, -1.0, -1.0
295, 20.138376383763838, -0.0006421723835905553, 0.0005818599729273427, -1.0, -1.0, -1.0, -1.0
296, 20.206642066420663, 0.0033145408858689675, -0.0025365827919863683, -1.0, -1.0, -1.0, -1.0
297, 20.274907749077492, -0.0005677929806919699, 0.0006313524358626295, -1.0, -1.0, -1.0, -1.0
298, 20.343173431734318, 0.003416635131181486, -0.0012732339600124497, -1.0, -1.0, -1.0, -1.0
299, 20.411439114391143, -0.0004533529209217479, 0.0007162101648683757, -1.0, -1.0, -1.0, -1.0
300, 20.47970479704797, 0.0034140720804145316, -0.000978313011772299, -1.0, -1.0, -1.0, -1.0
301, 20.547970479704798, -0.0002131768783593138, 0.00086327605291594, -1.0, -1.0, -1.0, -1.0
302, 20.616236162361623, 0.003293193591478401, -0.0009441293300418615, -1.0, -1.0, -1.0, -1.0
303, 20.68450184501845, 0.00045039407447731604, 0.0011876664951533085, -1.0, -1.0, -1.0, -1.0
304, 20.752767527675278, 0.0027553345526530808, -0.0011520618663082697, -1.0, -1.0, -1.0, -1.0
305, 20.821033210332104, 0.003337604577923327, 0.0023998536499725814, -1.0, -1.0, -1.0, -1.0
306, 20.88929889298893, -0.0013730551810541736, -0.002819688975663914, -1.0, -1.0, -1.0, -1.0
307, 20.957564575645755, 0.0766115566643197, 0.03169867142415819, -1.0, -1.0, -1.0, -1.0
308, 21.025830258302584, -0.09147280637666326, -0.039391294680574104, -1.0, -1.0, -1.0, -1.0
309, 21.09409594095941, 0.014634379310593663, 0.007394916207143775, -1.0, -1.0, -1.0, -1.0
310, 21.162361623616235, 0.0018067090902682966, -0.0017886818851774208, -1.0, -1.0, -1.0, -1.0
311, 21.230627306273064, 0.0012752720345510287, 0.002107805840607358, -1.0, -1.0, -1.0, -1.0
312, 21.29889298892989, 0.003627549809475224, -0.001146626495794209, -1.0, -1.0, -1.0, -1.0
313, 21.367158671586715, -0.0005347714488773262, 0.0015978825323723384, -1.0, -1.0, -1.0, -1.0
314, 21.435424354243544, 0.00415886342919725, -0.0010644089017039686, -1.0, -1.0, -1.0, -1.0
315, 21.50369003690037, -0.0013574100531393235, 0.0016502655645902718, -1.0, -1.0, -1.0, -1.0
316, 21.571955719557195, 0.004505342603091568, -0.0011181595705476795, -1.0, -1.0, -1.0, -1.0
317, 21.64022140221402, -0.0022272776904413067, 0.0021035885713044863, -1.0, -1.0, -1.0, -1.0
318, 21.70848708487085, 0.004910169836953032, -0.0013166082880729135, -1.0, -1.0, -1.0, -1.0
319, 21.776752767527675, -0.004303206287782246, 0.0037623556229888816, -1.0, -1.0, -1.0, -1.0
320, 21.8450184501845, 0.006004414513621999, -0.0021682976630475054, -1.0, -1.0, -1.0, -1.0
321, 21.91328413284133, -0.021395409259775337, 0.018807764964399905, -1.0, -1.0, -1.0, -1.0
322, 21.981549815498155, 0.09452747297334926, -0.08019540172792594, -1.0, -1.0, -1.0, -1.0
323, 22.04981549815498, -0.06223385207254418, 0.053899400153531944, -1.0, -1.0, -1.0, -1.0
324, 22.118081180811807, 0.007455434388552749, -0.0031918281229570498, -1.0, -1.0, -1.0, -1.0
325, 22.186346863468636, -0.006261133373646937, 0.004838418522437658, -1.0, -1.0, -1.0, -1.0
326, 22.25461254612546, 0.005906713569765938, -0.0018046661221616986, -1.0, -1.0, -1.0, -1.0
327, 22.322878228782287, -0.0035770012670087717, 0.0023943952178748715, -1.0, -1.0, -1.0, -1.0
328, 22.391143911439116, 0.005834510770085584, -0.0017790960519173146, -1.0, -1.0, -1.0, -1.0
329, 22.45940959409594, -0.00306618442218772, 0.0018264380219035613, -1.0, -1.0, -1.0, -1.0
330, 22.527675276752767, 0.005926692680835233, -0.0020854431504727907, -1.0, -1.0, -1.0, -1.0
331, 22.595940959409592, -0.0030154054933650425, 0.0016469618831810172, -1.0, -1.0, -1.0, -1.0
332, 22.66420664206642, 0.005963608023782709, -0.0029272564077568687, -1.0, -1.0, -1.0, -1.0
333, 22.732472324723247, -0.0031303272127176703, 0.0016132761769526724, -1.0, -1.0, -1.0, -1.0
334, 22.800738007380073, 0.00544802363391892, -0.006027797243750069, -1.0, -1.0, -1.0, -1.0
335, 22.8690036900369, -0.0033046134153057512, 0.0017538073480359712, -1.0, -1.0, -1.0, -1.0
336, 22.937269372693727, -0.005576957194711283, -0.049089966156689556, -1.0, -1.0, -1.0, -1.0
337, 23.005535055350553, 0.02244302586639278, 0.10193339726241091, -1.0, -1.0, -1.0, -1.0
338, 23.07380073800738, -0.0012623694852843205, -0.03606970155702447, -1.0, -1.0, -1.0, -1.0
339, 23.142066420664207, -0.00393590997844165, 0.0017683122086541514, -1.0, -1.0, -1.0, -1.0
340, 23.210332103321033, 0.006943318575690577, -0.0057959211300444655, -1.0, -1.0, -1.0, -1.0
341, 23.27859778597786, -0.004356841579844981, 0.0017189732687917887, -1.0, -1.0, -1.0, -1.0
342, 23.346863468634687, 0.008126485477233032, -0.0031751070341718697, -1.0, -1.0, -1.0, -1.0
343, 23.415129151291513, -0.00482469769346921, 0.001765420645818617, -1.0, -1.0, -1.0, -1.0
344, 23.48339483394834, 0.00889468565425105, -0.0024979520749537267, -1.0, -1.0, -1.0, -1.0
345, 23.551660516605168, -0.005381611030723178, 0.0018297036906609004, -1.0, -1.0, -1.0, -1.0
346, 23.619926199261993, 0.009653550069781544, -0.002269610848416606, -1.0, -1.0, -1.0, -1.0
347, 23.68819188191882, -0.006100007204379378, 0.0018906014655991087, -1.0, -1.0, -1.0, -1.0
348, 23.756457564575644, 0.010576770857116875, -0.0021836038812005684, -1.0, -1.0, -1.0, -1.0
349, 23.824723247232473, -0.007369562856516921, 0.001868974115429696, -1.0, -1.0, -1.0, -1.0
350, 23.8929889298893, 0.01267299454670783, -0.0019498378534208193, -1.0, -1.0, -1.0, -1.0
351, 23.961254612546124, -0.025585052466275897, -0.001722950617910347, -1.0, -1.0, -1.0, -1.0
352, 24.029520295202953, 0.03256662639586131, 0.002123007385257549, -1.0, -1.0, -1.0, -1.0
353, 24.09778597785978, -0.011026487456655585, 0.0016600866674989709, -1.0, -1.0, -1.0, -1.0
354, 24.166051660516604, 0.01367963592201711, -0.0023445099608664123, -1.0, -1.0, -1.0, -1.0
355, 24.23431734317343, -0.009678133144053695, 0.0023666672427347826, -1.0, -1.0, -1.0, -1.0
356, 24.30258302583026, 0.014424297756759307, -0.002615618877584576, -1.0, -1.0, -1.0, -1.0
357, 24.370848708487085, -0.01062213078747096, 0.002671464721199529, -1.0, -1.0, -1.0, -1.0
358, 24.43911439114391, 0.01570600220556393, -0.0028589203555855003, -1.0, -1.0, -1.0, -1.0
359, 24.50738007380074, -0.012067347575329608, 0.0030507771697773018, -1.0, -1.0, -1.0, -1.0
360, 24.575645756457565, 0.017288526821880937, -0.0031602351689672984, -1.0, -1.0, -1.0, -1.0
361, 24.64391143911439, -0.014064929209345557, 0.0037414540367922263, -1.0, -1.0, -1.0, -1.0
362, 24.71217712177122, 0.019217985403623718, -0.0035962953962505287, -1.0, -1.0, -1.0, -1.0
363, 24.780442804428045, -0.017432307325892023, 0.005741998991161415, -1.0, -1.0, -1.0, -1.0
364, 24.84870848708487, 0.021837690481541803, -0.004564350787281751, -1.0, -1.0, -1.0, -1.0
365, 24.916974169741696, -0.03391177964582458, 0.023622906510738305, -1.0, -1.0, -1.0, -1.0
366, 24.985239852398525, 0.08903976950806697, -0.08532253413323737, -1.0, -1.0, -1.0, -1.0
367, 25.05350553505535, -0.06038720767532503, 0.05230644452774651, -1.0, -1.0, -1.0, -1.0
368, 25.121771217712176, 0.02796576891615341, -0.006393669820328124, -1.0, -1.0, -1.0, -1.0
369, 25.190036900369005, -0.027042184436608482, 0.007159088711575787, -1.0, -1.0, -1.0, -1.0
370, 25.25830258302583, 0.030934970343623726, -0.006675118928360034, -1.0, -1.0, -1.0, -1.0
371, 25.326568265682656, -0.029402040886469995, 0.004849807724691412, -1.0, -1.0, -1.0, -1.0
372, 25.394833948339482, 0.03526026539898707, -0.008576656157857236, -1.0, -1.0, -1.0, -1.0
373, 25.46309963099631, -0.034588930761211854, 0.0045197302886085065, -1.0, -1.0, -1.0, -1.0
374, 25.531365313653136, 0.04029285739731124, -0.012516962482730837, -1.0, -1.0, -1.0, -1.0
375, 25.599630996309962, -0.041851885349968275, 0.004748970351105741, -1.0, -1.0, -1.0, -1.0
376, 25.66789667896679, 0.04485764389708275, -0.02221459058676147, -1.0, -1.0, -1.0, -1.0
377, 25.736162361623617, -0.051627228958246854, 0.0056633167910220515, -1.0, -1.0, -1.0, -1.0
378, 25.804428044280442, 0.040252156158518654, -0.058757484928310524, -1.0, -1.0, -1.0, -1.0
379, 25.872693726937268, -0.06364861314114131, 0.010622405248467439, -1.0, -1.0, -1.0, -1.0
380, 25.940959409594097, -0.19768346933314582, -0.6177330572854652, -1.0, -1.0, -1.0, -1.0
381, 26.009225092250922, 0.44001143050895214, 1.1733765416207547, -1.0, -1.0, -1.0, -1.0
382, 26.077490774907748, -0.050438480093200504, -0.3626649926417406, -1.0, -1.0, -1.0, -1.0
383, 26.145756457564577, -0.11707492367827589, 0.008607139276498452, -1.0, -1.0, -1.0, -1.0
384, 26.214022140221402, 0.1283335669014178, -0.05037042597150427, -1.0, -1.0, -1.0, -1.0
385, 26.282287822878228, -0.17024774244474383, 0.004838311724625764, -1.0, -1.0, -1.0, -1.0
386, 26.350553505535057, 0.20798652858354325, -0.019844394843481543, -1.0, -1.0, -1.0, -1.0
387, 26.418819188191883, -0.26335318133083696, 0.002844541011582709, -1.0, -1.0, -1.0, -1.0
388, 26.487084870848708, 0.33762790753399524, -0.008963878481280654, -1.0, -1.0, -1.0, -1.0
389, 26.555350553505534, -0.4555254992596091, -0.0013473539391775423, -1.0, -1.0, -1.0, -1.0
390, 26.623616236162363, 0.6243022220265815, 0.0015669860860534877, -1.0, -1.0, -1.0, -1.0
391, 26.69188191881919, -0.9598448111867331, -0.014957759289161689, -1.0, -1.0, -1.0, -1.0
392, 26.760147601476014, 1.5229351888242892, 0.03050274945245901, -1.0, -1.0, -1.0, -1.0
393, 26.828413284132843, -3.130117798082743, -0.08668847565900395, -1.0, -1.0, -1.0, -1.0
394, 26.89667896678967, 8.113917960142093, 0.2713131631126389, -1.0, -1.0, -1.0, -1.0
395, 26.964944649446494, -75.81374660947547, -2.9939193330196674, -1.0, -1.0, -1.0, -1.0
396, 27.03321033210332, 77.56673669090587, 3.5127334705218405, -1.0, -1.0, -1.0, -1.0
397, 27.10147601476015, -9.14332368777652, -0.46682430529006586, -1.0, -1.0, -1.0, -1.0
398, 27.169741697416974, 2.930927715031993, 0.16589164327289918, -1.0, -1.0, -1.0, -1.0
399, 27.2380073800738, -1.6790753918055916, -0.10486631646950578, -1.0, -1.0, -1.0, -1.0
400, 27.30627306273063, 0.8882560991966283, 0.06025796690706341, -1.0, -1.0, -1.0, -1.0
401, 27.374538745387454, -0.6847175266892813, -0.05051704838115028, -1.0, -1.0, -1.0, -1.0
402, 27.44280442804428, 0.4191220838166932, 0.03320532713293475, -1.0, -1.0, -1.0, -1.0
403, 27.511070110701105, -0.3711818572457405, -0.03164519837795685, -1.0, -1.0, -1.0, -1.0
404, 27.579335793357934, 0.2414029942393372, 0.021942774836798795, -1.0, -1.0, -1.0, -1.0
405, 27.64760147601476, -0.2331249091345231, -0.022775351467633733, -1.0, -1.0, -1.0, -1.0
406, 27.715867158671585, 0.15579914358557384, 0.016052919788029647, -1.0, -1.0, -1.0, -1.0
407, 27.784132841328415, -0.15984548884867153, -0.018475889281970873, -1.0, -1.0, -1.0, -1.0
408, 27.85239852398524, 0.10815965893143267, 0.012638948887939571, -1.0, -1.0, -1.0, -1.0
409, 27.920664206642066, -0.11148788272768205, -0.02466246687982446, -1.0, -1.0, -1.0, -1.0
410, 27.988929889298895, 0.05797115413534232, 0.048162112414943, -1.0, -1.0, -1.0, -1.0
411, 28.05719557195572, -0.0780244567244224, -0.03235765169186498, -1.0, -1.0, -1.0, -1.0
412, 28.125461254612546, 0.05999109661717819, 0.008714284195685311, -1.0, -1.0, -1.0, -1.0
413, 28.19372693726937, -0.07003592268113065, -0.011477562793463614, -1.0, -1.0, -1.0, -1.0
414, 28.2619926199262, 0.0469949488952415, 0.007225320044793523, -1.0, -1.0, -1.0, -1.0
415, 28.330258302583026, -0.05732507296624668, -0.009014938296807171, -1.0, -1.0, -1.0, -1.0
416, 28.39852398523985, 0.037569166183549135, 0.006179335731598223, -1.0, -1.0, -1.0, -1.0
417, 28.46678966789668, -0.04761838178962108, -0.007707783194217758, -1.0, -1.0, -1.0, -1.0
418, 28.535055350553506, 0.0305049163309778, 0.005271263827921174, -1.0, -1.0, -1.0, -1.0
419, 28.60332103321033, -0.04017022710423668, -0.006769353211028248, -1.0, -1.0, -1.0, -1.0
420, 28.671586715867157, 0.024924431233214497, 0.004256420525602854, -1.0, -1.0, -1.0, -1.0
421, 28.739852398523986, -0.034316261766671116, -0.005987190751488355, -1.0, -1.0, -1.0, -1.0
422, 28.80811808118081, 0.01967866352273437, 0.0021299338644596576, -1.0, -1.0, -1.0, -1.0
423, 28.876383763837637, -0.02939249131065686, -0.004966821111748579, -1.0, -1.0, -1.0, -1.0
424, 28.944649446494466, -0.0024272883691715975, -0.02593673252263233, -1.0, -1.0, -1.0, -1.0
425, 29.012915129151292, 0.00901437070003891, 0.04694060792147714, -1.0, -1.0, -1.0, -1.0
426, 29.081180811808117, 0.006081396594387726, -0.010306886492443703, -1.0, -1.0, -1.0, -1.0
427, 29.149446494464943, -0.022739628454097285, -0.00429993331320039, -1.0, -1.0, -1.0, -1.0
428, 29.217712177121772, 0.012058930817600379, 0.0015834875509463339, -1.0, -1.0, -1.0, -1.0
429, 29.285977859778598, -0.020354252434307902, -0.00423511750121184, -1.0, -1.0, -1.0, -1.0
430, 29.354243542435423, 0.011050044169401101, 0.0025679207045589945, -1.0, -1.0, -1.0, -1.0
431, 29.422509225092252, -0.018199131727822983, -0.003998166843497951, -1.0, -1.0, -1.0, -1.0
432, 29.490774907749078, 0.009696663916906581, 0.0027205246087988622, -1.0, -1.0, -1.0, -1.0
433, 29.559040590405903, -0.016274810656026595, -0.003772391189050407, -1.0, -1.0, -1.0, -1.0
434, 29.627306273062732, 0.008282255477281893, 0.0027135769838435987, -1.0, -1.0, -1.0, -1.0
435, 29.695571955719558, -0.014385244417427145, -0.003597372396236043, -1.0, -1.0, -1.0, -1.0
436, 29.763837638376383, 0.006397016543603336, 0.0027378366167489588, -1.0, -1.0, -1.0, -1.0
437, 29.83210332103321, -0.011510840301775644, -0.0036062165701057467, -1.0, -1.0, -1.0, -1.0
438, 29.900369003690038, -0.0012726364808412819, 0.0035344264848550305, -1.0, -1.0, -1.0, -1.0
439, 29.968634686346864, 0.051579323685660566, -0.011496043361246629, -1.0, -1.0, -1.0, -1.0
440, 30.03690036900369, -0.05362990191088561, 0.009763326610911758, -1.0, -1.0, -1.0, -1.0
441, 30.105166051660518, -0.0057572570183053885, -0.003634979601784762, -1.0, -1.0, -1.0, -1.0
442, 30.173431734317344, 0.0029067425843756333, 0.002475894944191704, -1.0, -1.0, -1.0, -1.0
443, 30.24169741697417, -0.009540938161529448, -0.0029223814378059897, -1.0, -1.0, -1.0, -1.0
444, 30.309963099630995, 0.004179564685531852, 0.0021483259230991505, -1.0, -1.0, -1.0, -1.0
445, 30.378228782287824, -0.009398035168882591, -0.002727160326521579, -1.0, -1.0, -1.0, -1.0
446, 30.44649446494465, 0.004103349830834682, 0.0019971561121412394, -1.0, -1.0, -1.0, -1.0
447, 30.514760147601475, -0.008891736324024938, -0.0026186428190137128, -1.0, -1.0, -1.0, -1.0
448, 30.583025830258304, 0.003816404355004849, 0.0018832436464929618, -1.0, -1.0, -1.0, -1.0
449, 30.65129151291513, -0.008321980537268375, -0.0025987641695019302, -1.0, -1.0, -1.0, -1.0
450, 30.719557195571955, 0.003491782552280168, 0.0017867700577072795, -1.0, -1.0, -1.0, -1.0
451, 30.78782287822878, -0.007676014679781556, -0.0028749741045712195, -1.0, -1.0, -1.0, -1.0
452, 30.85608856088561, 0.0031651546531124577, 0.001720177452791444, -1.0, -1.0, -1.0, -1.0
453, 30.924354243542435, -0.005704709856616704, -0.007063302828065316, -1.0, -1.0, -1.0, -1.0
454, 30.99261992619926, -0.002453742582114338, 0.016711486412391067, -1.0, -1.0, -1.0, -1.0
455, 31.06088560885609, -0.004256937943321441, -0.009593972328905385, -1.0, -1.0, -1.0, -1.0
456, 31.129151291512915, 0.0025761513748496618, 0.0015527107501062624, -1.0, -1.0, -1.0, -1.0
457, 31.19741697416974, -0.006303943313953909, -0.0026509810772950603, -1.0, -1.0, -1.0, -1.0
458, 31.26568265682657, 0.002320640191519071, 0.001416282164909105, -1.0, -1.0, -1.0, -1.0
459, 31.333948339483396, -0.006103329453790578, -0.002091499414712315, -1.0, -1.0, -1.0, -1.0
460, 31.40221402214022, 0.0020543352486406307, 0.0012954454376081948, -1.0, -1.0, -1.0, -1.0
461, 31.470479704797047, -0.005804021226752085, -0.0018748003529146405, -1.0, -1.0, -1.0, -1.0
462, 31.538745387453876, 0.0017575433017577506, 0.0011337965118399637, -1.0, -1.0, -1.0, -1.0
463, 31.6070110701107, -0.005491847175525357, -0.0017231880781912589, -1.0, -1.0, -1.0, -1.0
464, 31.675276752767527, 0.0013324945927222515, 0.0008284290607143927, -1.0, -1.0, -1.0, -1.0
465, 31.743542435424356, -0.005146644090406844, -0.0015512736679211608, -1.0, -1.0, -1.0, -1.0
466, 31.81180811808118, 0.00021917486465386555, -0.0001965404424159428, -1.0, -1.0, -1.0, -1.0
467, 31.880073800738007, -0.004443276883418528, -0.0010057665363996764, -1.0, -1.0, -1.0, -1.0
468, 31.948339483394832, -0.017349218053288824, -0.01829768184573575, -1.0, -1.0, -1.0, -1.0
469, 32.01660516605166, 0.024434039712158427, 0.029050495406155688, -1.0, -1.0, -1.0, -1.0
470, 32.08487084870849, -0.005572258245720786, -0.00619369180469531, -1.0, -1.0, -1.0, -1.0
471, 32.15313653136531, -0.004246268848548159, -0.0011121820712953606, -1.0, -1.0, -1.0, -1.0
472, 32.22140221402214, 0.00022144710654575916, -1.5020359667626765e-06, -1.0, -1.0, -1.0, -1.0
473, 32.289667896678964, -0.004287213202584884, -0.001309161949222769, -1.0, -1.0, -1.0, -1.0
474, 32.35793357933579, 0.0007334192476372224, 0.0006201868830073901, -1.0, -1.0, -1.0, -1.0
475, 32.42619926199262, -0.00415141716884959, -0.0013080828955987407, -1.0, -1.0, -1.0, -1.0
476, 32.494464944649444, 0.000814461245479077, 0.0007725785302225947, -1.0, -1.0, -1.0, -1.0
477, 32.56273062730627, -0.003999235083583063, -0.0012781839162088015, -1.0, -1.0, -1.0, -1.0
478, 32.6309963099631, 0.0008042383500404759, 0.000810823253576005, -1.0, -1.0, -1.0, -1.0
479, 32.699261992619924, -0.003855965141117982, -0.0012422993619283485, -1.0, -1.0, -1.0, -1.0
480, 32.76752767527675, 0.0007893288318376077, 0.0008016889701841211, -1.0, -1.0, -1.0, -1.0
481, 32.83579335793358, -0.003755443764858751, -0.0011987382742541471, -1.0, -1.0, -1.0, -1.0
482, 32.904059040590404, 0.0010242189693617373, 0.0006948738139374558, -1.0, -1.0, -1.0, -1.0
483, 32.97232472324723, -0.005884684134969609, -0.00047854160134958674, -1.0, -1.0, -1.0, -1.0
484, 33.04059040590406, 0.002590655757373847, 0.00018413777392081796, -1.0, -1.0, -1.0, -1.0
485, 33.108856088560884, -0.0035730177241612825, -0.0011475709128014972, -1.0, -1.0, -1.0, -1.0
486, 33.17712177121771, 0.0006441492483010024, 0.0007290573951619159, -1.0, -1.0, -1.0, -1.0
487, 33.245387453874535, -0.0033227043461776574, -0.0012040000669626, -1.0, -1.0, -1.0, -1.0
488, 33.313653136531364, 0.000512871678276414, 0.000721883742213994, -1.0, -1.0, -1.0, -1.0
489, 33.38191881918819, -0.0031780482970553197, -0.0012784531145766716, -1.0, -1.0, -1.0, -1.0
490, 33.450184501845015, 0.0004383129917372011, 0.0006980124158694893, -1.0, -1.0, -1.0, -1.0
491, 33.518450184501845, -0.0030358098649467488, -0.0014610056008997796, -1.0, -1.0, -1.0, -1.0
492, 33.586715867158674, 0.0003770917631157717, 0.0006716830773788558, -1.0, -1.0, -1.0, -1.0
493, 33.654981549815496, -0.002853484010071723, -0.001960837108991564, -1.0, -1.0, -1.0, -1.0
494, 33.723247232472325, 0.00032160560329939426, 0.0006481176800526089, -1.0, -1.0, -1.0, -1.0
495, 33.791512915129154, -0.0024525519268354967, -0.003853143809100048, -1.0, -1.0, -1.0, -1.0
496, 33.859778597785976, 0.00026582907201294506, 0.0006512243106727671, -1.0, -1.0, -1.0, -1.0
497, 33.928044280442805, 0.0013835543243087623, -0.02630292839383119, -1.0, -1.0, -1.0, -1.0
498, 33.996309963099634, -0.011753825405719707, 0.07057247898186038, -1.0, -1.0, -1.0, -1.0
499, 34.064575645756456, 0.0028437596933327956, -0.032340494167309816, -1.0, -1.0, -1.0, -1.0
500, 34.132841328413285, 0.00016868515475756095, 0.0006103992330423882, -1.0, -1.0, -1.0, -1.0
501, 34.201107011070114, -0.002068111743391022, -0.003931755747065083, -1.0, -1.0, -1.0, -1.0
502, 34.269372693726936, 0.00013240930770188307, 0.0005348854515378096, -1.0, -1.0, -1.0, -1.0
503, 34.337638376383765, -0.0023820425005349863, -0.0017920219867433376, -1.0, -1.0, -1.0, -1.0
504, 34.40590405904059, 8.860288411195781e-05, 0.0004936127287318029, -1.0, -1.0, -1.0, -1.0
505, 34.474169741697416, -0.002423156649179246, -0.0011843681017305924, -1.0, -1.0, -1.0, -1.0
506, 34.542435424354245, 3.759422043273864e-05, 0.0004526868994477385, -1.0, -1.0, -1.0, -1.0
507, 34.61070110701107, -0.002402836818033719, -0.0009116367267976694, -1.0, -1.0, -1.0, -1.0
508, 34.678966789667896, -3.695910510967794e-05, 0.0003964987612361685, -1.0, -1.0, -1.0, -1.0
509, 34.747232472324725, -0.002351576268049227, -0.0007454757779307803, -1.0, -1.0, -1.0, -1.0
510, 34.81549815498155, -0.00023275280855852376, 0.0002534726414719822, -1.0, -1.0, -1.0, -1.0
511, 34.88376383763838, -0.0021891153457136246, -0.0005533548621614844, -1.0, -1.0, -1.0, -1.0
512, 34.952029520295206, -0.003611937866591843, -0.002227641821137658, -1.0, -1.0, -1.0, -1.0
513, 35.02029520295203, 0.0027598796965811723, 0.0031683853251716194, -1.0, -1.0, -1.0, -1.0
514, 35.08856088560886, -0.0011081694244952829, -0.00040535226889512935, -1.0, -1.0, -1.0, -1.0
515, 35.156826568265686, -0.0021856301245332293, -0.00047165059468987536, -1.0, -1.0, -1.0, -1.0
516, 35.22509225092251, -0.0002601881617746776, 0.00024224884535133378, -1.0, -1.0, -1.0, -1.0
517, 35.29335793357934, -0.0022027336935517916, -0.0004674026800758759, -1.0, -1.0, -1.0, -1.0
518, 35.361623616236166, -0.00021221837225449418, 0.00030835467791515543, -1.0, -1.0, -1.0, -1.0
519, 35.42988929889299, -0.0021681143418267757, -0.00043731397347150424, -1.0, -1.0, -1.0, -1.0
520, 35.49815498154982, -0.0002617458162991963, 0.00033763426857405, -1.0, -1.0, -1.0, -1.0
521, 35.56642066420664, -0.002110728865510691, -0.000414142733459951, -1.0, -1.0, -1.0, -1.0
522, 35.63468634686347, -0.000407738135592315, 0.00039642904126991214, -1.0, -1.0, -1.0, -1.0
523, 35.7029520295203, -0.001997228725284432, -0.00042106944960230806, -1.0, -1.0, -1.0, -1.0
524, 35.77121771217712, -0.0008850656531517435, 0.0006192564571329228, -1.0, -1.0, -1.0, -1.0
525, 35.83948339483395, -0.001562029466283432, -0.000595196563779397, -1.0, -1.0, -1.0, -1.0
526, 35.90774907749078, -0.004867050580704662, 0.0026272294495999493, -1.0, -1.0, -1.0, -1.0
527, 35.9760147601476, 0.024354449228892606, -0.013671999331200784, -1.0, -1.0, -1.0, -1.0
528, 36.04428044280443, -0.02069946433057232, 0.010437619164989542, -1.0, -1.0, -1.0, -1.0
529, 36.11254612546126, -0.0008672753376865396, -0.0008273823444561268, -1.0, -1.0, -1.0, -1.0
530, 36.18081180811808, -0.0013729405256553196, 0.0007377262618911979, -1.0, -1.0, -1.0, -1.0
531, 36.24907749077491, -0.0018257093159511275, -0.0003082610978575503, -1.0, -1.0, -1.0, -1.0
532, 36.31734317343174, -0.0005490809685224775, 0.0003035063610431223, -1.0, -1.0, -1.0, -1.0
533, 36.38560885608856, -0.001959620946219963, -0.00020092533667723835, -1.0, -1.0, -1.0, -1.0
534, 36.45387453874539, -0.0003528018941431142, 0.0001794603228263588, -1.0, -1.0, -1.0, -1.0
535, 36.52214022140221, -0.001996825443646821, -0.0001426158099439039, -1.0, -1.0, -1.0, -1.0
536, 36.59040590405904, -0.0002806337307255998, 0.00011588528612347278, -1.0, -1.0, -1.0, -1.0
537, 36.65867158671587, -0.002009484864336725, -9.74674467181139e-05, -1.0, -1.0, -1.0, -1.0
538, 36.72693726937269, -0.0002490396800329665, 7.14260633816464e-05, -1.0, -1.0, -1.0, -1.0
539, 36.79520295202952, -0.0020139422893750234, -5.7186483385493726e-05, -1.0, -1.0, -1.0, -1.0
540, 36.86346863468635, -0.00023506877967782627, 3.4354174476609494e-05, -1.0, -1.0, -1.0, -1.0
541, 36.93173431734317, -0.0020153334705395277, -1.8879655917190194e-05, -1.0, -1.0, -1.0, -1.0
