0, 0.0, 0.0, 0.0, 0.0, 0.0, 0.0, -308.0
1, 1.0, -2.6020852139652106e-17, -1.5748036555351952e-17, 1.2166086643928452e-19, 7.400683211378713e-39, 7.400683211378713e-39, -381.30728185507485
2, 2.0, 3.9898639947466563e-17, -1.3010426069826053e-16, 5.44338425930024e-19, 1.4815216097198811e-37, 1.4815216097198811e-37, -368.29292009446397
3, 3.0, -1.43982048506075e-16, -6.830473686658678e-18, 5.765759018591029e-19, 1.6621988530231891e-37, 1.6621988530231891e-37, -367.79317021704315
4, 4.0, 1.5352302762394743e-16, -4.456070928915423e-17, 6.394369626247872e-19, 2.0443981458540676e-37, 2.0443981458540676e-37, -366.8943452159555
5, 5.0, 5.204170427930421e-18, 2.0166160408230382e-17, 8.33073745070314e-20, 3.470059323627392e-39, 3.470059323627392e-39, -384.59663100510625
6, 6.0, 3.9898639947466563e-17, -3.0140820395097023e-17, 2.0001482040077218e-19, 2.0002964189976574e-38, 2.0002964189976574e-38, -376.9890564253791
7, 7.0, 1.0148132334464322e-16, -1.1058862159352145e-17, 4.0832844466266766e-19, 8.336605936031663e-38, 8.336605936031663e-38, -370.79010726732747
8, 8.0, -1.3097162243624894e-16, -6.078037378953738e-16, 2.487018937388846e-18, 3.0926315974653725e-36, 3.0926315974653725e-36, -355.0967181123415
9, 9.0, 3.7816971776294395e-16, -1.3461454173580023e-15, 5.593023969348753e-18, 1.5640958560854843e-35, 1.5640958560854843e-35, -348.0573663459247
10, 10.0, 2.4103982698697735e-15, -5.164257575607003, 0.020657030302428013, 0.00021335645045771458, 0.00021335645045771458, -36.70894222474962
11, 11.0, -4.588343593958655e-16, 7.203439233993691e-16, 3.4162537080038075e-18, 5.835394698724882e-36, 5.835394698724882e-36, -352.3392976349505
12, 12.0, -6.990935608186533e-16, 4.505944228849756e-16, 3.3269015992978164e-18, 5.534137125705184e-36, 5.534137125705184e-36, -352.5695008404594
13, 13.0, 1.7954387976359953e-16, 1.2368578383714635e-15, 4.999285256276533e-18, 1.2496426536811962e-35, 1.2496426536811962e-35, -349.0321415956935
14, 14.0, -4.562322741819003e-16, -2.6107588313450947e-16, 2.10260221538798e-18, 2.2104680380772208e-36, 2.2104680380772208e-36, -356.55515760327006
15, 15.0, -1.5178830414797062e-16, 4.0852737859253807e-16, 1.7432581373316243e-18, 1.5194744666864623e-36, 1.5194744666864623e-36, -358.1830659342566
16, 16.0, -2.0383000842727483e-16, 7.84528692010511e-16, 3.2423002721479975e-18, 5.256255527385489e-36, 5.256255527385489e-36, -352.79323530161366
17, 17.0, -6.74807432154978e-16, 2.8059152223924855e-16, 2.9232767172312213e-18, 4.272773382753073e-36, 4.272773382753073e-36, -353.6929014046849
18, 18.0, -6.652664530371055e-16, -4.614364446098307e-16, 3.2385257039603256e-18, 5.2440243676058614e-36, 5.2440243676058614e-36, -352.8033529892471
19, 19.0, -5.898059818321144e-17, 4.2934406030425976e-16, 1.7335052723570114e-18, 1.5025202646447782e-36, 1.5025202646447782e-36, -358.23179661911536
20, 20.0, 4.874572967494828e-16, 7.936359902593892e-17, 1.9755027593184004e-18, 1.951305576037307e-36, 1.951305576037307e-36, -357.09674714411216
21, 21.0, -6.71511457550622e-15, 2.5326962749261384e-15, 2.8707438529607844e-17, 4.120585134656065e-34, 4.120585134656065e-34, -333.8504110855218
22, 22.0, 8.109832250191573e-16, -8.474124180146703e-16, 4.691782769852745e-18, 1.1006412779743549e-35, 1.1006412779743549e-35, -349.5835420362706
23, 23.0, -3.9985376121265404e-16, 2.0946785972419946e-15, 8.53000488262425e-18, 3.638049164879677e-35, 3.638049164879677e-35, -344.39131436143435
24, 24.0, -1.4111975477071326e-15, -1.691355389077387e-16, 5.685188263093824e-18, 1.6160682793409886e-35, 1.6160682793409886e-35, -347.91540294109336
25, 25.0, -1.0547118733938987e-15, 2.4294802281055183e-15, 1.059418052678636e-17, 5.611833051706967e-35, 5.611833051706967e-35, -342.50895257422883
26, 26.0, 8.612902058224847e-16, 1.43982048506075e-16, 3.492968133694309e-18, 6.100413191501951e-36, 6.100413191501951e-36, -352.1464074847907
27, 27.0, 3.040970253387343e-15, -2.8275992658421956e-16, 1.221635183387813e-17, 7.461962606454877e-35, 7.461962606454877e-35, -341.27146931635446
28, 28.0, 2.688821387764051e-16, 2.8709673527416157e-16, 1.5733894112167195e-18, 1.2377771196644477e-36, 1.2377771196644477e-36, -359.07357549511454
29, 29.0, -2.2811613709095013e-16, -1.560383766641138e-15, 6.307880114521495e-18, 1.9894675769587854e-35, 1.9894675769587854e-35, -347.01263134307305
30, 30.0, 5.447031714567174e-16, -0.02872450396566792, 0.00011489801586267167, 6.6007770245893755e-09, 6.6007770245893755e-09, -81.80404937544735
31, 31.0, -1.8214596497756474e-16, 4.858960456211037e-15, 1.9449493100882676e-17, 1.891413909406414e-34, 1.891413909406414e-34, -337.2321342149819
32, 32.0, 3.5822039778921066e-16, 1.4545656346065527e-15, 5.992105524799274e-18, 1.7952664310164994e-35, 1.7952664310164994e-35, -347.45871089740945
33, 33.0, 9.410874857174178e-16, -1.8665624601510444e-15, 8.361531987303812e-18, 3.495760858735242e-35, 3.495760858735242e-35, -344.564582846429
34, 34.0, 4.0939474033052647e-16, 1.6384463230600943e-15, 6.7552769381684916e-18, 2.2816883255675536e-35, 2.2816883255675536e-35, -346.41743679694576
35, 35.0, 1.7676832220203664e-15, 5.310855921702995e-15, 2.2389245487778304e-17, 2.506391567560006e-34, 2.506391567560006e-34, -336.00951079253196
36, 36.0, -3.612561638721701e-15, -2.6792804086461786e-15, 1.799072876866031e-17, 1.6183316081375085e-34, 1.6183316081375085e-34, -337.90932483447887
37, 37.0, -9.124645483638005e-16, 4.274358644806853e-15, 1.7482669533663707e-17, 1.528218670116466e-34, 1.528218670116466e-34, -338.15814498881883
38, 38.0, 1.7477339020466331e-15, -6.2901073238919025e-15, 2.6113605323950715e-17, 3.4096019150753355e-34, 3.4096019150753355e-34, -334.6729632369909
39, 39.0, 2.121566811119635e-15, -3.200564813177209e-16, 8.582290496391106e-18, 3.6827855082222554e-35, 3.6827855082222554e-35, -344.33823574467954
40, 40.0, -1.7486012637846216e-15, 1.1978265601619853e-15, 8.478108136077217e-18, 3.593915878350935e-35, 3.593915878350935e-35, -344.4443209250127
41, 41.0, 4.2674197509029455e-16, -3.361894096443052e-15, 1.3555480443866303e-17, 9.187552503202089e-35, 9.187552503202089e-35, -340.36800166080724
42, 42.0, 4.679416576447437e-16, 1.098600377336112e-14, 4.398386036777837e-17, 9.672899864261125e-34, 9.672899864261125e-34, -330.1444330810425
43, 43.0, -1.1123914289701275e-15, -3.5518463170625125e-15, 1.4887861875381158e-17, 1.108242156102139e-34, 1.108242156102139e-34, -339.55365333859993
44, 44.0, -5.486062992776652e-16, -1.2880321809127793e-15, 5.599993958102549e-18, 1.5679966165392526e-35, 1.5679966165392526e-35, -348.04654878781633
45, 45.0, -1.6345431952391465e-15, -9.35015953551499e-16, 7.532315755992621e-18, 2.8367890323987346e-35, 2.8367890323987346e-35, -345.47172960810383
46, 46.0, -1.3097162243624894e-16, -2.8700999910036273e-15, 1.1492347035652973e-17, 6.603702019394083e-35, 6.603702019394083e-35, -341.8021253175276
47, 47.0, -8.239936510889834e-18, -1.3548190347378863e-15, 5.419376367726163e-18, 1.468482010753441e-35, 1.468482010753441e-35, -348.33131369317124
48, 48.0, 1.5386997231914279e-15, 8.673617379884035e-17, 6.164569736154684e-18, 1.9000960015957113e-35, 1.9000960015957113e-35, -347.21224455936647
49, 49.0, -1.929879867024198e-15, -1.8405416080113923e-15, 1.0667355595060284e-17, 5.689623769573198e-35, 5.689623769573198e-35, -342.4491645068761
50, 50.0, 2.4164698020356923e-15, -0.29720516134223546, 0.0011888206453689418, 7.066472634277137e-07, 7.066472634277137e-07, -61.50797318557843
51, 51.0, 2.3327693943198113e-15, 2.777292285038868e-15, 1.450802011777576e-17, 1.0524132386889307e-34, 1.0524132386889307e-34, -339.7781369740372
52, 52.0, -1.0516761073109393e-15, -4.6932943642552516e-15, 1.9238725373262668e-17, 1.8506427699391039e-34, 1.8506427699391039e-34, -337.3267740513521
53, 53.0, 2.6057715013516614e-15, -1.0856766874400847e-14, 4.466039535558888e-17, 9.972754566587524e-34, 9.972754566587524e-34, -330.0118486898622
54, 54.0, -1.3574211199518516e-15, 2.5326962749261384e-16, 5.523386788703592e-18, 1.5253900808812692e-35, 1.5253900808812692e-35, -348.1661908201479
55, 55.0, -3.900308895299354e-15, -7.570333249162786e-15, 3.4064023246147744e-17, 5.80178839857047e-34, 5.80178839857047e-34, -332.36438114728287
56, 56.0, 1.2812233912695703e-14, 5.358560817292357e-15, 5.555069927426669e-17, 1.5429400949300067e-33, 1.5429400949300067e-33, -328.1165093521124
57, 57.0, -2.2087366657874696e-15, 4.3194614551822497e-16, 9.002306487936966e-18, 4.0520761051376e-35, 4.0520761051376e-35, -343.92322406418634
58, 58.0, 1.820592288037659e-15, 1.3641865415081611e-14, 5.505125586686821e-17, 1.5153203862596957e-33, 1.5153203862596957e-33, -328.1949553397743
59, 59.0, -2.913793338554793e-15, -2.351417671686562e-15, 1.4976972557376817e-17, 1.1215485349220914e-34, 1.1215485349220914e-34, -339.5018192761579
60, 60.0, -2.7690523485279783e-16, -6.96491475604688e-16, 2.9980710723500306e-18, 4.494215077431031e-36, 4.494215077431031e-36, -353.47346147603054
61, 61.0, -6.120050213137551e-15, 8.728261169377305e-15, 4.264036728775861e-17, 9.091004612174772e-34, 9.091004612174772e-34, -330.41388121902753
62, 62.0, 8.405277342193873e-16, 2.437286483747414e-16, 3.500606864029277e-18, 6.127124208244444e-36, 6.127124208244444e-36, -352.12743315619014
63, 63.0, 1.2070016210466439e-15, 3.5648567431323386e-16, 5.034179097648056e-18, 1.26714795935983e-35, 1.26714795935983e-35, -348.9717267147661
64, 64.0, -1.4081075715155489e-15, 3.31418920085369e-15, 1.440367563756676e-17, 1.0373293593611709e-34, 1.0373293593611709e-34, -339.8408333016565
65, 65.0, 1.4767917791425056e-15, -1.9489618252599428e-15, 9.781096997996456e-18, 4.783492924210764e-35, 4.783492924210764e-35, -343.202548641135
66, 66.0, -5.686748814903719e-15, 7.788908407135864e-16, 2.295936689913078e-17, 2.63566264204451e-34, 2.63566264204451e-34, -335.79110179083614
67, 67.0, 6.209767942910727e-15, 5.321264262558856e-15, 3.271136102501093e-17, 5.35016570054302e-34, 5.35016570054302e-34, -332.71632767190533
68, 68.0, -7.580741590018647e-16, 1.6844164951734797e-15, 7.388569939855906e-18, 2.7295482878071154e-35, 2.7295482878071154e-35, -345.6390921828688
69, 69.0, -3.4889625910583533e-16, 1.2984405217686401e-15, 5.3779942553913015e-18, 1.446141110551092e-35, 1.446141110551092e-35, -348.3978932768904
70, 70.0, -4.475369727585665e-15, 0.5204223825534292, 0.002081689530213717, 2.1667156501007026e-06, 2.1667156501007026e-06, -56.64198079771588
71, 71.0, -2.0625862129364236e-15, -6.852157730108388e-16, 8.693705807194775e-18, 3.7790260331026076e-35, 3.7790260331026076e-35, -344.2262011628784
72, 72.0, -8.607047366493425e-15, -1.3964523981613297e-16, 3.443272052268068e-17, 5.928061212965177e-34, 5.928061212965177e-34, -332.2708732049503
73, 73.0, -3.3610267347050637e-16, 5.5268289944621074e-15, 2.2148157030738623e-17, 2.4527042992912834e-34, 2.4527042992912834e-34, -336.1035480765463
74, 74.0, -7.706509042026966e-16, 2.2057008997045102e-15, 9.345817695723125e-18, 4.367215420084575e-35, 4.367215420084575e-35, -343.59795385260577
75, 75.0, 4.137315490204685e-15, 1.2646134139870924e-15, 1.730508667522875e-17, 1.497330124185898e-34, 1.497330124185898e-34, -338.2468243792934
76, 76.0, -1.1102230246251565e-15, -3.9881292712706795e-15, 1.6559116038616955e-17, 1.3710216199019065e-34, 1.3710216199019065e-34, -338.6295569668382
77, 77.0, 4.198030811863873e-16, -1.5916087892087205e-15, 6.5841666623621044e-18, 2.1675625318880266e-35, 2.1675625318880266e-35, -346.64028364734247
78, 78.0, 1.1128251098391218e-15, 2.3002433291452462e-15, 1.022115382791251e-17, 5.223599278692527e-35, 5.223599278692527e-35, -342.8203014676509
79, 79.0, 4.3042826247674526e-15, 2.192690473634684e-15, 1.9322418244947827e-17, 1.8667792341634633e-34, 1.8667792341634633e-34, -337.28907038801657
80, 80.0, -7.90209911394335e-15, 1.1391929066739692e-14, 5.545725824715289e-17, 1.5377537461457038e-33, 1.5377537461457038e-33, -328.13113206311414
81, 81.0, 5.345984072091525e-15, 1.5785983631388945e-15, 2.229673285166635e-17, 2.4857214792928868e-34, 2.4857214792928868e-34, -336.0454753489897
82, 82.0, -1.4784180824012338e-15, 1.9845236565174673e-15, 9.898730560752444e-18, 4.89924333571872e-35, 4.89924333571872e-35, -343.0987098946071
83, 83.0, 8.899998793499009e-15, 8.577340226967323e-15, 4.944180318611944e-17, 1.2222459511474851e-33, 1.2222459511474851e-33, -329.1284139272006
84, 84.0, -1.9290125052862095e-15, 5.820864623640176e-15, 2.4528694775644716e-17, 3.008284336983702e-34, 3.008284336983702e-34, -335.21681117499605
85, 85.0, 7.22078646875346e-15, -1.0772632785815972e-14, 5.187513845616148e-17, 1.345514994922962e-33, 1.345514994922962e-33, -328.7111145793292
86, 86.0, -1.721713049906981e-15, -2.364428097756388e-15, 1.1699446862603302e-17, 6.843852844543913e-35, 6.843852844543913e-35, -341.6469933716274
87, 87.0, -5.532033164890038e-15, 2.7044338990478423e-15, 2.4630827400398032e-17, 3.0333882921409925e-34, 3.0333882921409925e-34, -335.1807199379725
88, 88.0, -2.235191198796116e-15, 9.419548474554063e-16, 9.702254278111128e-18, 4.7066869038562847e-35, 4.7066869038562847e-35, -343.27284690677914
89, 89.0, -3.1866870253693946e-15, -3.7001651742585295e-15, 1.9533027011481165e-17, 1.907695721156264e-34, 1.907695721156264e-34, -337.19490894391345
90, 90.0, -2.746934624209274e-15, -0.29548510690378543, 0.0011819404276151417, 6.98491587215532e-07, 6.98491587215532e-07, -61.55838820255418
91, 91.0, 7.277164981722706e-15, 8.196568423990414e-16, 2.929272060031374e-17, 4.290317400840224e-34, 4.290317400840224e-34, -333.675105772012
92, 92.0, 6.0880120389406045e-15, -5.134781488891349e-16, 2.443851072243883e-17, 2.986204031653788e-34, 2.986204031653788e-34, -335.2488052253391
93, 93.0, 9.052654459384968e-15, -5.502542865798432e-15, 4.2375187221008804e-17, 8.978282460077739e-34, 8.978282460077739e-34, -330.46806735654854
94, 94.0, 4.5961498496005504e-15, -6.56853044178618e-15, 3.206747526192979e-17, 5.141614848372395e-34, 5.141614848372395e-34, -332.8890045890501
95, 95.0, 5.978724459954066e-15, -6.108828720652326e-15, 3.4190743661130224e-17, 5.845034760505583e-34, 5.845034760505583e-34, -332.33212901738943
96, 96.0, 2.662800535624399e-15, 6.403731711568383e-15, 2.7741171287822183e-17, 3.8478629221014492e-34, 3.8478629221014492e-34, -334.1478040784922
97, 97.0, -7.0915495697931874e-15, 2.0044729764912006e-15, 2.947758123437333e-17, 4.344638977145393e-34, 4.344638977145393e-34, -333.62046305923656
98, 98.0, 2.447694824603275e-15, 1.3192572034803618e-15, 1.1122337540876545e-17, 6.185319618659586e-35, 6.185319618659586e-35, -342.0863785383054
99, 99.0, -7.882583474838611e-15, 2.4314751601028917e-14, 1.0224224314108426e-16, 5.2267381412602955e-33, 5.2267381412602955e-33, -322.8176925744088
100, 100.0, 2.6862193025500858e-15, -5.463511587588954e-15, 2.4352653410784274e-17, 2.9652586407289146e-34, 2.9652586407289146e-34, -335.27937419890793
101, 101.0, 4.442626821976603e-15, -1.2165615737025348e-14, 5.180565827633962e-17, 1.3419131147224379e-33, 1.3419131147224379e-33, -328.7227560266044
102, 102.0, 3.779962454153463e-15, 1.2906342661267445e-15, 1.597690982071834e-17, 1.2763082370968309e-34, 1.2763082370968309e-34, -338.9404442788426
103, 103.0, 5.424480309379476e-15, -4.223184302265537e-15, 2.7498442800347136e-17, 3.780821782219816e-34, 3.780821782219816e-34, -334.2241379362997
104, 104.0, -1.2019031603305308e-14, -1.3071141391485241e-15, 4.835959769129827e-17, 1.1693253444321103e-33, 1.1693253444321103e-33, -329.320646371416
105, 105.0, -1.0361503322009469e-14, 8.122408995392405e-15, 5.266259074226329e-17, 1.3866742318435576e-33, 1.3866742318435576e-33, -328.58025554737907
106, 106.0, 2.710505431213761e-15, 7.98363111731426e-15, 3.3724817096017074e-17, 5.686816440799027e-34, 5.686816440799027e-34, -332.4513078968957
107, 107.0, 2.6038199374411874e-15, -5.048045315092509e-16, 1.060920798676207e-17, 5.627764705318804e-35, 5.627764705318804e-35, -342.49664068543234
108, 108.0, -3.9898639947466563e-17, 7.975391180803371e-16, 3.1941460112850683e-18, 5.1012843707041555e-36, 5.1012843707041555e-36, -352.92320466081577
109, 109.0, 9.20877957222288e-15, -2.378349253651102e-14, 1.0201616643995713e-16, 5.2036491075525175e-33, 5.2036491075525175e-33, -322.8369199646702
110, 110.0, 6.299648303009775e-15, -0.036315237195060246, 0.00014526094878024098, 1.0550371620267897e-08, 1.0550371620267897e-08, -79.76732242755931
111, 111.0, -3.809452753245068e-15, 4.298644773470528e-15, 2.2974865281064666e-17, 2.639222173415353e-34, 2.639222173415353e-34, -335.785240487239
112, 112.0, -5.2562121322097255e-16, 4.412269161147009e-15, 1.7773867023333698e-17, 1.5795517448157455e-34, 1.5795517448157455e-34, -338.0146614239584
113, 113.0, -6.852157730108388e-17, 3.48245737802344e-16, 1.4196918000936817e-18, 1.0077624036266191e-36, 1.0077624036266191e-36, -359.9664184780806
114, 114.0, 5.8408139436139095e-15, -4.807352432800727e-15, 3.0259079942938045e-17, 4.578059594965577e-34, 4.578059594965577e-34, -333.39318558189166
115, 115.0, -2.3141211169530607e-15, 9.977045231646109e-15, 4.0967614155230564e-17, 8.391727047859238e-34, 8.391727047859238e-34, -330.7614865059338
116, 116.0, -7.739468788070525e-15, -1.0367141173306393e-15, 3.123437933626099e-17, 4.8779322626072385e-34, 4.8779322626072385e-34, -333.1176423480953
117, 117.0, -5.403663627667754e-15, -4.551480720094148e-15, 2.826037716559867e-17, 3.993244587709454e-34, 3.993244587709454e-34, -333.9867408829317
118, 118.0, 7.075937058509396e-15, -3.0984329685290746e-15, 3.0898329305373003e-17, 4.7735337693163605e-34, 4.7735337693163605e-34, -333.2116000076727
119, 119.0, 3.213575239247035e-15, 7.335711899036923e-16, 1.3184956584810346e-17, 8.692154007166684e-35, 8.692154007166684e-35, -340.60872587474597
120, 120.0, -1.0842021724855044e-16, -2.522938455373769e-15, 1.0101067977683944e-17, 5.101578714489601e-35, 5.101578714489601e-35, -342.9229540804036
121, 121.0, -1.5406946551888012e-14, 2.477510384346626e-15, 6.241949179636493e-17, 1.9480964780582344e-33, 1.9480964780582344e-33, -327.1038953880711
122, 122.0, -7.020425907278138e-15, 4.117257750013703e-15, 3.2554739452099435e-17, 5.299055303970397e-34, 5.299055303970397e-34, -332.75801547916535
123, 123.0, -9.6710833785707e-16, -1.0698907038086958e-15, 5.768833026183276e-18, 1.6639717241991448e-35, 1.6639717241991448e-35, -347.78854057930283
124, 124.0, -7.588547845660543e-15, -1.2027623905522256e-14, 5.688582181437758e-17, 1.617998361748558e-33, 1.617998361748558e-33, -327.9102192245423
125, 125.0, 3.8441472227646045e-15, 6.844926430904303e-15, 3.140203451110292e-17, 4.9304388571824935e-34, 4.9304388571824935e-34, -333.0711442255439
126, 126.0, 7.444565797154468e-15, -4.833671440537812e-15, 3.550457762108611e-17, 6.302875160258644e-34, 6.302875160258644e-34, -332.00461294769946
127, 127.0, 3.609092191769747e-15, -4.19114612806859e-15, 2.212374373943712e-17, 2.4473001852414154e-34, 2.4473001852414154e-34, -336.11312756926077
128, 128.0, 4.692427002517263e-16, 5.731092683758376e-16, 2.9628174300494973e-18, 4.389143561902554e-36, 4.389143561902554e-36, -353.57620213841193
129, 129.0, 6.4340893723979775e-15, 8.996059105981224e-15, 4.424053986837182e-17, 9.786126839224984e-34, 9.786126839224984e-34, -330.09389159594014
130, 130.0, -1.715207836872068e-14, 0.08875827836188044, 0.00035503311344752176, 6.302425582212043e-08, 6.302425582212043e-08, -72.00492273684118
131, 131.0, 1.4585554986012994e-14, -2.4927976349786718e-15, 5.918816831752289e-17, 1.7516196343917102e-33, 1.7516196343917102e-33, -327.5656019532498
132, 132.0, -2.361826012542423e-15, -8.327323205992165e-15, 3.462312149776855e-17, 5.993802711246214e-34, 5.993802711246214e-34, -332.22297556156343
133, 133.0, 1.4050392793674149e-14, 5.3015317830196196e-15, 6.006926360832437e-17, 1.8041582152231813e-33, 1.8041582152231813e-33, -327.43725379773315
134, 134.0, 5.015085569048949e-15, -4.3751894468480046e-15, 2.6621304539242453e-17, 3.5434692768554542e-34, 3.5434692768554542e-34, -334.5057132837445
135, 135.0, -4.191091917959966e-15, -2.486509262378256e-15, 1.9492759589830154e-17, 1.8998383821345772e-34, 1.8998383821345772e-34, -337.2128334259062
136, 136.0, 3.0852057020247514e-15, -1.7850304567801345e-15, 1.4257533001435407e-17, 1.0163862364350987e-34, 1.0163862364350987e-34, -339.9294122465351
137, 137.0, -1.7416623698807143e-14, -1.7822548992185716e-14, 9.967804441458194e-17, 4.967856269157685e-33, 4.967856269157685e-33, -323.0383097772976
138, 138.0, -5.065392549852277e-16, 1.6167622796103842e-15, 6.777022692140797e-18, 2.2964018284895647e-35, 2.2964018284895647e-35, -346.38952116001155
139, 139.0, -1.5890067039947553e-15, 4.26785343177194e-15, 1.821626316034232e-17, 1.6591612176342237e-34, 1.6591612176342237e-34, -337.80111412331786
140, 140.0, -3.47725320759551e-15, -2.34708086299662e-15, 1.6780978968905583e-17, 1.4080062757742574e-34, 1.4080062757742574e-34, -338.5139540944955
141, 141.0, 5.290039239991273e-15, 1.6197980456933436e-15, 2.212989321961746e-17, 2.448660869558354e-34, 2.448660869558354e-34, -336.1107135888427
142, 142.0, 5.048045315092509e-16, -2.9065291839991403e-15, 1.1800162380218998e-17, 6.962191609976785e-35, 6.962191609976785e-35, -341.57254028450393
143, 143.0, 4.956104970865738e-15, 1.2307863062055446e-15, 2.042657540119074e-17, 2.0862249131026535e-34, 2.0862249131026535e-34, -336.80638872681345
144, 144.0, -3.4139358007223564e-15, 3.834172562777738e-15, 2.0535174464361935e-17, 2.1084669514089126e-34, 2.1084669514089126e-34, -336.7603320182636
145, 145.0, -1.7355908377147955e-15, -2.512746954952405e-15, 1.2215513294549438e-17, 7.460938252465704e-35, 7.460938252465704e-35, -341.27206554263773
146, 146.0, 1.2568071583451967e-15, 1.551102996044662e-14, 6.224745645144264e-17, 1.9373729173371238e-33, 1.9373729173371238e-33, -327.1278677558777
147, 147.0, 6.6491950834191016e-15, -5.725454832461452e-15, 3.509817734206059e-17, 6.159410263673676e-34, 6.159410263673676e-34, -332.1046086762341
148, 148.0, 2.6098914696071063e-15, -3.92828131134948e-15, 1.8864963310529084e-17, 1.7794342035380423e-34, 1.7794342035380423e-34, -337.49718065861117
149, 149.0, -6.990068246448544e-15, -9.710114656780178e-15, 4.785768581748607e-17, 1.1451790459026035e-33, 1.1451790459026035e-33, -329.41126607150727
150, 150.0, 2.4555010802451704e-15, 0.18368289134139934, 0.0007347315653655974, 2.6991523657229056e-07, 2.6991523657229056e-07, -65.68772599057793
151, 151.0, 3.616898447411643e-15, -4.1555300867024414e-15, 2.203647328603303e-17, 2.4280307744302368e-34, 2.4280307744302368e-34, -336.1474581303313
152, 152.0, 2.3045801378351882e-15, 4.062722380737682e-15, 1.8683384170819295e-17, 1.745344220372105e-34, 1.745344220372105e-34, -337.5811890780765
153, 153.0, -1.081686823445338e-14, 4.721917301608869e-15, 4.72103618125953e-17, 1.1144091312380783e-33, 1.1144091312380783e-33, -329.52955338050293
154, 154.0, -6.513886652292911e-16, 5.398459457239824e-15, 2.1750465449604073e-17, 2.3654137363721027e-34, 2.3654137363721027e-34, -336.2609288549354
155, 155.0, 5.483460907562687e-15, 6.404599073306372e-15, 3.3725297997690703e-17, 5.686978625165203e-34, 5.686978625165203e-34, -332.4511840406544
156, 156.0, 5.1616697027689895e-15, -1.1711118186319425e-14, 5.1192674990771854e-17, 1.310344986355399e-33, 1.310344986355399e-33, -328.8261434866044
157, 157.0, 1.4095495604049546e-14, -7.112366251504909e-16, 5.645371255968706e-17, 1.5935108308858843e-33, 1.5935108308858843e-33, -327.97644980337105
158, 158.0, 7.461045670176247e-15, 4.6004866582904924e-15, 3.5061472869362354e-17, 6.146534398845162e-34, 6.146534398845162e-34, -332.1136968352316
159, 159.0, -1.1674688993323912e-15, -7.0403752272518716e-15, 2.8546065780463755e-17, 4.074389357712818e-34, 4.074389357712818e-34, -333.89937471205684
160, 160.0, 3.600418574389863e-15, 2.6575963651964685e-15, 1.79000926706504e-17, 1.602066588089361e-34, 1.602066588089361e-34, -337.9531943691672
161, 161.0, 1.3340023530261647e-15, 7.738601426332536e-15, 3.14109571489989e-17, 4.933241145081225e-34, 4.933241145081225e-34, -333.0686765497807
162, 162.0, 6.482661629725328e-15, 3.884045862712071e-15, 3.02286523865458e-17, 4.5688571255331054e-34, 4.5688571255331054e-34, -333.4019242271968
163, 163.0, 2.280294009171513e-15, 1.16157083951407e-14, 4.734966479952407e-17, 1.1209953783136446e-33, 1.1209953783136446e-33, -329.5039617792868
164, 164.0, 3.058317488147111e-15, 7.37257477290143e-15, 3.192695779815647e-17, 5.0966531712263214e-34, 5.0966531712263214e-34, -332.9271491927523
165, 165.0, 3.469446951953614e-16, 3.632510958695434e-15, 1.4596167434811988e-17, 1.0652405189253299e-34, 1.0652405189253299e-34, -339.7255232250816
166, 166.0, 1.5794657248768829e-15, -8.23126289350995e-16, 7.124323254071613e-18, 2.5377990914252766e-35, 2.5377990914252766e-35, -345.95542762437947
167, 167.0, 6.119670742377181e-15, 3.5518463170625125e-15, 2.830292769453728e-17, 4.005278580411027e-34, 4.005278580411027e-34, -333.9736727190741
168, 168.0, 6.655700296454015e-15, 3.689756833402669e-15, 3.044014505244277e-17, 4.6330121540687806e-34, 4.6330121540687806e-34, -333.3413656048364
169, 169.0, -8.874845303097345e-15, 2.7476285135996648e-14, 1.1549608644649388e-16, 6.669672992227994e-33, 6.669672992227994e-33, -321.75895458610046
170, 170.0, -2.828249787145687e-14, 0.5144355240662198, 0.0020577420962648793, 2.11715126737029e-06, 2.11715126737029e-06, -56.742481111646875
171, 171.0, -1.847827446610495e-14, -1.683722605783089e-14, 9.999510456555006e-17, 4.999510468537645e-33, 4.999510468537645e-33, -323.01072517908176
172, 172.0, -9.326740768589303e-15, -1.2574143115617886e-14, 6.262231786914393e-17, 1.9607773476520516e-33, 1.9607773476520516e-33, -327.0757171901758
173, 173.0, -1.748427791437024e-14, -1.2715523078909996e-14, 8.647630901996016e-17, 3.7390760108578215e-33, 3.7390760108578215e-33, -324.2723570607858
174, 174.0, -1.1892396789559001e-14, 3.889683714008996e-14, 1.6269692269507714e-16, 1.3235144327223954e-32, 1.3235144327223954e-32, -318.7827131842193
175, 175.0, 6.536871738349603e-15, -2.5032059758345326e-15, 2.79990663504589e-17, 3.919738582486999e-34, 3.919738582486999e-34, -334.06742896236983
176, 176.0, -9.996344030316351e-15, -1.1510757624844103e-14, 6.098189043581355e-17, 1.859395480562784e-33, 1.859395480562784e-33, -327.30628228969755
177, 177.0, 1.242582425842187e-14, -1.8361180631476515e-14, 8.868226994685184e-17, 3.9322725014631506e-33, 3.9322725014631506e-33, -324.05356393744006
178, 178.0, -1.3624951861190837e-14, -5.39499001028787e-15, 5.861675261300285e-17, 1.7179618434469885e-33, 1.7179618434469885e-33, -327.64986486234955
179, 179.0, -6.797947621484113e-16, -1.3296655443362226e-15, 5.973449761656134e-18, 1.7841051027514863e-35, 1.7841051027514863e-35, -347.4857956464573
180, 180.0, 1.6557935578198624e-14, -2.0001361678012586e-15, 6.671321012231655e-17, 2.2253262024121798e-33, 2.2253262024121798e-33, -326.5260631838022
181, 181.0, 7.383416794626285e-15, 2.2464669013899652e-14, 9.458762688362428e-17, 4.473409579737861e-33, 4.473409579737861e-33, -323.49361336551993
182, 182.0, -1.3812085156161835e-14, -4.921410501346202e-15, 5.865069175160023e-17, 1.7199518214706135e-33, 1.7199518214706135e-33, -327.6448371818693
183, 183.0, 5.1259994512942164e-15, -2.8401760110430274e-14, 1.1544251194391755e-16, 6.663486781960774e-33, 6.663486781960774e-33, -321.7629845943224
184, 184.0, 1.627615143356964e-14, 2.236752449924495e-14, 1.1065038691032682e-16, 6.121754061702512e-33, 6.121754061702512e-33, -322.1312412194401
185, 185.0, -6.285987355636458e-15, -7.185224637495935e-15, 3.8187137127886406e-17, 7.291287210120002e-34, 7.291287210120002e-34, -331.3719579419182
186, 186.0, 2.1895462873344762e-15, 5.182486384480711e-15, 2.2504142932254283e-17, 2.532182245576652e-34, 2.532182245576652e-34, -335.9650504059781
187, 187.0, 7.581785134609664e-15, -1.3239409568654992e-14, 6.102660817105685e-17, 1.8621234524318514e-33, 1.8621234524318514e-33, -327.2999153015776
188, 188.0, -5.422772690957811e-16, -1.582154546264647e-14, 6.332334362153244e-17, 2.0049229237053363e-33, 2.0049229237053363e-33, -326.9790231853152
189, 189.0, 1.4458865962158063e-14, -4.949166076961831e-15, 6.112977013128744e-17, 1.8684243981520213e-33, 1.8684243981520213e-33, -327.28524470267996
190, 190.0, 1.0154095446412992e-14, 0.02613030751922161, 0.00010452123007688644, 5.462343768392716e-09, 5.462343768392716e-09, -82.62620971347884
191, 191.0, -2.0850291979068736e-15, 1.2718125164123961e-14, 5.155161366187442e-17, 1.3287844355715786e-33, 1.3287844355715786e-33, -328.7654546754113
192, 192.0, -5.995453699475517e-14, 1.2216790079566664e-14, 2.447462838485165e-16, 2.9950371728829306e-32, 2.9950371728829306e-32, -315.23597782998297
193, 193.0, -1.2972045312920066e-14, 3.2612801348363973e-16, 5.1904576920596165e-17, 1.347042552653042e-33, 1.347042552653042e-33, -328.7061868483343
194, 194.0, -8.684676242043388e-15, 8.234732340461903e-15, 4.787223297873823e-17, 1.145875345185296e-33, 1.145875345185296e-33, -329.40862624814287
195, 195.0, -2.8226553039356617e-14, 1.926497156246043e-14, 1.3669688662356705e-16, 9.343019406288173e-33, 9.343019406288173e-33, -320.29512749082875
196, 196.0, -1.1904539853890839e-15, -1.3955850364233413e-14, 5.602612820178852e-17, 1.5694635206416217e-33, 1.5694635206416217e-33, -328.04248774241205
197, 197.0, -6.857795581405313e-15, -5.35162192338845e-15, 3.479522207366617e-17, 6.053537395778728e-34, 6.053537395778728e-34, -332.17990770385876
198, 198.0, 7.684391317708261e-15, -1.58640461878079e-15, 3.1385741868092684e-17, 4.92532396305273e-34, 4.92532396305273e-34, -333.07565198518876
199, 199.0, 1.190887666258078e-15, -1.7813008013067844e-14, 7.141108798020261e-17, 2.5497717432581186e-33, 2.5497717432581186e-33, -325.9349869606817
200, 200.0, -6.506514077520009e-15, -9.905271047827569e-15, 4.7404492609354594e-17, 1.1235929597751772e-33, 1.1235929597751772e-33, -329.493909906705
201, 201.0, -2.8527527562438593e-15, 9.113369781044156e-15, 3.819773963036153e-17, 7.29533656434446e-34, 7.29533656434446e-34, -331.3695466749008
202, 202.0, 6.512151928816934e-15, 3.1450536619459513e-15, 2.89273532230002e-17, 4.1839588224411006e-34, 4.1839588224411006e-34, -333.78412598345994
203, 203.0, 1.058875209736243e-14, -1.424034501429361e-14, 7.098271306232403e-17, 2.5192727768441133e-33, 2.5192727768441133e-33, -325.9872480627542
204, 204.0, -3.921776098314567e-15, -1.843924318789547e-14, 7.540673891451993e-17, 2.8430881368612876e-33, 2.8430881368612876e-33, -325.46209676799464
205, 205.0, -8.268559448243451e-15, 3.0184188481996443e-15, 3.520907330613582e-17, 6.19839421538423e-34, 6.19839421538423e-34, -332.07720806263626
206, 206.0, 3.9044288635547986e-15, 1.883042333172824e-15, 1.7339164076312685e-17, 1.5032330543264616e-34, 1.5032330543264616e-34, -338.22973683177787
207, 207.0, -1.012211148232467e-15, 7.589415207398531e-15, 3.062647079867954e-17, 4.689903567911854e-34, 4.689903567911854e-34, -333.2883608699799
208, 208.0, 6.110997124997297e-15, -1.628818607768423e-14, 6.958727372880666e-17, 2.4211943325039325e-33, 2.4211943325039325e-33, -326.1597035134843
209, 209.0, 2.0328357053234214e-14, -6.102757188486407e-15, 8.489859794228875e-17, 3.603885966283198e-33, 3.603885966283198e-33, -324.4322895936819
210, 210.0, -3.987261909532691e-15, 0.12233748658118715, 0.0004893499463247486, 1.1973168498401718e-07, 1.1973168498401718e-07, -69.21790905627012
211, 211.0, -2.853967062677043e-14, -1.8487815445222822e-14, 1.360183587268226e-16, 9.250496955369297e-33, 9.250496955369297e-33, -320.33834935458015
212, 212.0, -4.730590918988753e-15, -1.9312676458049793e-14, 7.953444158764224e-17, 3.1628636993290375e-33, 3.1628636993290375e-33, -324.9991952319801
213, 213.0, -4.44956571588051e-16, 1.4264631142957285e-14, 5.708627687915564e-17, 1.6294215039618103e-33, 1.6294215039618103e-33, -327.87966556473685
214, 214.0, 8.770761894538737e-15, -9.993741945102386e-15, 5.318663625776558e-17, 1.4144091382079322e-33, 1.4144091382079322e-33, -328.4942494643418
215, 215.0, 2.6493564286855786e-14, 1.0973860709029282e-14, 1.1470550588235509e-16, 6.578676539863498e-33, 6.578676539863498e-33, -321.81861466453677
216, 216.0, 1.8221535391660382e-14, 4.69563624094782e-14, 2.0147155919423623e-16, 2.0295394582078317e-32, 2.0295394582078317e-32, -316.92602500732335
217, 217.0, -8.182864108530197e-14, 4.171576278855227e-14, 3.673936606289865e-16, 6.748905093518345e-32, 6.748905093518345e-32, -311.70766679082067
218, 218.0, -3.0700268716099544e-14, -2.700790979748291e-14, 1.635571430843517e-16, 1.337546952695755e-32, 1.337546952695755e-32, -318.73690963745037
219, 219.0, 8.449838051483027e-15, -1.6894471932538124e-14, 7.555903069527654e-17, 2.854583559804871e-33, 2.854583559804871e-33, -325.44457239736994
220, 220.0, -1.0205378209171556e-14, 8.044780119842443e-15, 5.197972398062088e-17, 1.3509458525507668e-33, 1.3509458525507668e-33, -328.6936205764687
221, 221.0, -5.277028813921447e-15, -9.593888183889732e-15, 4.379766634658723e-17, 9.591177887034897e-34, 9.591177887034897e-34, -330.18128054098713
222, 222.0, 1.3745081461902231e-14, 3.3254649034475392e-15, 5.65665599050732e-17, 1.5998878497471176e-33, 1.5998878497471176e-33, -327.9591045980848
223, 223.0, -1.4563003580825296e-15, -6.106226635438361e-16, 6.316544333965746e-18, 1.9949366161477384e-35, 1.9949366161477384e-35, -347.00070898320377
224, 224.0, -1.3409412469300719e-14, -4.457371971522406e-15, 5.652334139653828e-17, 1.597444061314809e-33, 1.597444061314809e-33, -327.9657434086136
225, 225.0, 8.689229891167827e-15, -1.1041514924592377e-14, 5.620217332901789e-17, 1.579342143452485e-33, 1.579342143452485e-33, -328.01523775680664
226, 226.0, -2.2985086056692694e-16, -1.269730848241224e-14, 5.079755491999845e-17, 1.2901957929251294e-33, 1.2901957929251294e-33, -328.89344378588595
227, 227.0, -2.2391810627908626e-14, 9.918281473897395e-15, 9.796044022698779e-17, 4.798123924732623e-33, 4.798123924732623e-33, -323.1892853937517
228, 228.0, 2.1208729217292444e-14, -5.4860629927766524e-15, 8.762712659199982e-17, 3.839256657385181e-33, 3.839256657385181e-33, -324.1575285397786
229, 229.0, -6.499141502747108e-15, -5.637851296924623e-16, 2.609419673266599e-17, 3.4045355156153816e-34, 3.4045355156153816e-34, -334.6794213096564
230, 230.0, 8.057790545912269e-16, -0.1603985677849605, 0.000641594271139842, 2.0582160437973257e-07, 2.0582160437973257e-07, -66.86509040795876
231, 231.0, -4.533179387422592e-14, -3.638365650426856e-14, 2.3250778899558306e-16, 2.702993597180729e-32, 2.702993597180729e-32, -315.6815498305169
232, 232.0, -7.831409132297296e-15, -1.1079678841063867e-14, 5.4271945197281854e-17, 1.4727220177483824e-33, 1.4727220177483824e-33, -328.31879220265995
233, 233.0, -1.5860576740855947e-14, 2.5335636366641268e-15, 6.424662970193626e-17, 2.0638147140288596e-33, 2.0638147140288596e-33, -326.85329295555925
234, 234.0, -8.867906409193438e-15, 2.4338170367954604e-15, 3.678330696406942e-17, 6.76505835606479e-34, 6.76505835606479e-34, -331.69728452782897
235, 235.0, -4.0120684552391594e-14, 1.5955986532034672e-14, 1.727084403340143e-16, 1.4914102681303887e-32, 1.4914102681303887e-32, -318.26402871184337
236, 236.0, -1.5431232680551688e-14, -5.811930797738896e-14, 2.4053197381843154e-16, 2.892781521449532e-32, 2.892781521449532e-32, -315.3868436538827
237, 237.0, 5.6126110703491605e-14, -2.397127635278551e-14, 2.4412332597053346e-16, 2.9798099141457666e-32, 2.9798099141457666e-32, -315.2581143923603
238, 238.0, 2.527492104498208e-14, 1.815127909088332e-14, 1.244694704071784e-16, 7.74632453172173e-33, 7.74632453172173e-33, -321.10904312232003
239, 239.0, -4.9784829037058387e-14, 5.136733052801823e-14, 2.861365225992322e-16, 4.093705478259045e-32, 4.093705478259045e-32, -313.8788340587674
240, 240.0, 2.8993300815738365e-14, 5.78096598369271e-16, 1.1599625427531295e-16, 6.727565502951528e-33, 6.727565502951528e-33, -321.72142065034757
241, 241.0, 1.309369279667294e-14, 5.773810249354305e-15, 5.724077928878239e-17, 1.6382534067935493e-33, 1.6382534067935493e-33, -327.8561892024342
242, 242.0, -8.300651832549022e-15, -4.1961226160402987e-14, 1.7109741420511008e-16, 1.4637162573837503e-32, 1.4637162573837503e-32, -318.3454310346592
243, 243.0, 4.543240783583258e-15, 8.8557633448616e-15, 3.981267762666732e-17, 7.925246499024683e-34, 7.925246499024683e-34, -331.0098722103433
244, 244.0, -8.892192537857113e-15, 1.1536127955680264e-14, 5.826193767325621e-17, 1.6972266907211954e-33, 1.6972266907211954e-33, -327.7026014710234
245, 245.0, -6.3629657098829284e-15, -1.6896206656014101e-15, 2.6333902291539944e-17, 3.467372049501864e-34, 3.467372049501864e-34, -334.5999955598519
246, 246.0, -3.1927585575353135e-15, 6.642256189515194e-15, 2.947901612845798e-17, 4.3450619595094286e-34, 4.3450619595094286e-34, -333.6200402623921
247, 247.0, -4.795643049337883e-15, 4.3178351519235214e-15, 2.58122118868877e-17, 3.3313514124679333e-34, 3.3313514124679333e-34, -334.77379552704826
248, 248.0, 3.6567970873591094e-14, 1.684850176042474e-16, 1.4627343605797812e-16, 1.0697959048103707e-32, 1.0697959048103707e-32, -319.7069906892152
249, 249.0, -3.3497510321112145e-15, -1.638367718402589e-14, 6.689044297027798e-17, 2.2371656803800055e-33, 2.2371656803800055e-33, -326.50301851660936
250, 250.0, 0.0, -1.497939036306066e-14, -1.0, -1.0, -1.0, -1.0
251, 251.0, -1.9786255966991462e-14, -9.299473083951293e-15, -1.0, -1.0, -1.0, -1.0
252, 252.0, 1.0152469143154264e-14, -9.705398377329866e-15, -1.0, -1.0, -1.0, -1.0
253, 253.0, -1.8897210185553348e-14, 5.407881174118723e-14, -1.0, -1.0, -1.0, -1.0
254, 254.0, 1.0915747472584059e-14, -1.8285069638968032e-14, -1.0, -1.0, -1.0, -1.0
255, 255.0, -1.3762428696661999e-14, -1.35679228269181e-14, -1.0, -1.0, -1.0, -1.0
256, 256.0, -4.097416850257218e-15, -2.998686368660408e-15, -1.0, -1.0, -1.0, -1.0
257, 257.0, 8.461981115814865e-15, 7.971488052982423e-15, -1.0, -1.0, -1.0, -1.0
258, 258.0, -3.775625645463521e-15, 1.2635508958580566e-14, -1.0, -1.0, -1.0, -1.0
259, 259.0, -6.862566070964249e-15, 1.1405806854547507e-14, -1.0, -1.0, -1.0, -1.0
260, 260.0, -2.089474426814064e-15, -9.159339953157541e-16, -1.0, -1.0, -1.0, -1.0
261, 261.0, -5.325948015943993e-14, 2.6341775982707816e-15, -1.0, -1.0, -1.0, -1.0
262, 262.0, -4.000445807950115e-14, 1.6846767036948762e-14, -1.0, -1.0, -1.0, -1.0
263, 263.0, -3.4850594632374055e-15, -3.233654663481467e-14, -1.0, -1.0, -1.0, -1.0
264, 264.0, 1.7302999311130662e-14, -6.0658943146219e-14, -1.0, -1.0, -1.0, -1.0
265, 265.0, 4.5699555251133006e-14, -2.2980315567133758e-14, -1.0, -1.0, -1.0, -1.0
266, 266.0, 1.5145870668753503e-14, 3.836340967122709e-15, -1.0, -1.0, -1.0, -1.0
267, 267.0, 1.01273156527526e-14, -2.8502807752905923e-14, -1.0, -1.0, -1.0, -1.0
268, 268.0, 3.3725626458203095e-14, -9.030536735066264e-15, -1.0, -1.0, -1.0, -1.0
269, 269.0, -9.494141584021065e-15, -1.9424566122250297e-15, -1.0, -1.0, -1.0, -1.0
270, 270.0, -1.4497951450476165e-14, 0.1603985677849389, -1.0, -1.0, -1.0, -1.0
271, 271.0, 2.616570154989617e-14, 7.051650929845721e-15, -1.0, -1.0, -1.0, -1.0
272, 272.0, 4.4228509743504674e-14, 6.890321646579878e-15, -1.0, -1.0, -1.0, -1.0
273, 273.0, -1.1848161340921592e-14, -1.5189238755652923e-14, -1.0, -1.0, -1.0, -1.0
274, 274.0, 1.7435705657042888e-14, -6.0168883764255554e-15, -1.0, -1.0, -1.0, -1.0
275, 275.0, -2.4591439995447217e-14, -2.3765711620882257e-16, -1.0, -1.0, -1.0, -1.0
276, 276.0, 4.6889575555653096e-15, -3.0279598273175168e-15, -1.0, -1.0, -1.0, -1.0
277, 277.0, 1.422906931169976e-14, -1.0922686366487966e-14, -1.0, -1.0, -1.0, -1.0
278, 278.0, 5.406265712881719e-15, -6.162605148407607e-15, -1.0, -1.0, -1.0, -1.0
279, 279.0, 5.140853021057268e-15, -1.6343697228915488e-14, -1.0, -1.0, -1.0, -1.0
280, 280.0, 2.0365653607967715e-15, -1.2694706397198274e-14, -1.0, -1.0, -1.0, -1.0
281, 281.0, 1.3073743476699207e-14, -8.935560624756533e-15, -1.0, -1.0, -1.0, -1.0
282, 282.0, 3.519060043366551e-14, -1.1937499599934398e-14, -1.0, -1.0, -1.0, -1.0
283, 283.0, 1.2218177858347445e-13, 5.2361760760621934e-14, -1.0, -1.0, -1.0, -1.0
284, 284.0, -1.9816613627821056e-14, 7.057895934359237e-14, -1.0, -1.0, -1.0, -1.0
285, 285.0, -6.266428348444819e-14, 2.9313357297056086e-14, -1.0, -1.0, -1.0, -1.0
286, 286.0, 1.3415484001466638e-14, 1.0404871408908889e-14, -1.0, -1.0, -1.0, -1.0
287, 287.0, 4.6265075104301445e-15, 1.5483274384830992e-14, -1.0, -1.0, -1.0, -1.0
288, 288.0, -1.1097026075823635e-14, 7.607629803896288e-15, -1.0, -1.0, -1.0, -1.0
289, 289.0, 3.045220325903486e-14, 7.387319922447233e-15, -1.0, -1.0, -1.0, -1.0
290, 290.0, 2.2577426039838144e-14, -0.12233748658119019, -1.0, -1.0, -1.0, -1.0
291, 291.0, -3.720461438927458e-14, 6.222453108328807e-15, -1.0, -1.0, -1.0, -1.0
292, 292.0, 6.192529128368207e-15, 5.9978064181898105e-15, -1.0, -1.0, -1.0, -1.0
293, 293.0, -1.220811646218678e-15, 9.750013296727644e-15, -1.0, -1.0, -1.0, -1.0
294, 294.0, 3.465630560306465e-14, 4.4026414458553376e-14, -1.0, -1.0, -1.0, -1.0
295, 295.0, 4.5428071027142636e-15, 9.84975989659631e-15, -1.0, -1.0, -1.0, -1.0
296, 296.0, -3.1228925695403476e-14, 1.149080830487037e-14, -1.0, -1.0, -1.0, -1.0
297, 297.0, 2.611409352648586e-14, 7.234664256561274e-15, -1.0, -1.0, -1.0, -1.0
298, 298.0, -9.21701950873377e-15, -7.035171056823941e-15, -1.0, -1.0, -1.0, -1.0
299, 299.0, 3.612474902547902e-14, -8.924284922162684e-15, -1.0, -1.0, -1.0, -1.0
300, 300.0, -9.516692989208764e-15, -1.9366452885805074e-14, -1.0, -1.0, -1.0, -1.0
301, 301.0, -1.2430161067111811e-14, -2.5597579611513765e-14, -1.0, -1.0, -1.0, -1.0
302, 302.0, -2.27153365561783e-14, 7.837480664463214e-15, -1.0, -1.0, -1.0, -1.0
303, 303.0, 1.6006727193706993e-14, -2.337886828573943e-14, -1.0, -1.0, -1.0, -1.0
304, 304.0, 2.7805448915563247e-15, -8.195701062252425e-15, -1.0, -1.0, -1.0, -1.0
305, 305.0, -9.076073226310655e-15, 4.108605816677269e-14, -1.0, -1.0, -1.0, -1.0
306, 306.0, 1.3768066547958924e-14, 1.1962653090336062e-14, -1.0, -1.0, -1.0, -1.0
307, 307.0, -1.784249831215945e-14, -1.4340958975900264e-14, -1.0, -1.0, -1.0, -1.0
308, 308.0, 1.7771157809209903e-15, 1.7012433128904547e-14, -1.0, -1.0, -1.0, -1.0
309, 309.0, -1.0258287275188849e-14, 2.8596049139739677e-14, -1.0, -1.0, -1.0, -1.0
310, 310.0, -1.650968858152302e-14, -0.026130307519240014, -1.0, -1.0, -1.0, -1.0
311, 311.0, -2.0959471137838026e-14, -1.8272709734201698e-14, -1.0, -1.0, -1.0, -1.0
312, 312.0, -9.018393670734426e-16, -5.408000436357696e-15, -1.0, -1.0, -1.0, -1.0
313, 313.0, 1.9566054505759656e-15, 1.462024945553253e-14, -1.0, -1.0, -1.0, -1.0
314, 314.0, -1.3471211993132393e-16, 1.1423154089307275e-14, -1.0, -1.0, -1.0, -1.0
315, 315.0, 1.535707325195368e-14, -2.657249420501273e-14, -1.0, -1.0, -1.0, -1.0
316, 316.0, -5.613456748043699e-15, -4.999473057765158e-15, -1.0, -1.0, -1.0, -1.0
317, 317.0, 2.0934100807001865e-14, -3.380889318504998e-14, -1.0, -1.0, -1.0, -1.0
318, 318.0, 1.6697147137145762e-14, 2.8709673527416157e-16, -1.0, -1.0, -1.0, -1.0
319, 319.0, 4.681368140357911e-15, -1.3347829785903542e-14, -1.0, -1.0, -1.0, -1.0
320, 320.0, 5.792675367155553e-15, -1.6219664500383146e-14, -1.0, -1.0, -1.0, -1.0
321, 321.0, 2.6764614829977162e-15, 1.016547956922409e-15, -1.0, -1.0, -1.0, -1.0
322, 322.0, 3.7062367064244484e-14, -1.144744021797095e-14, -1.0, -1.0, -1.0, -1.0
323, 323.0, -1.3904242340823103e-14, -1.974982677399595e-15, -1.0, -1.0, -1.0, -1.0
324, 324.0, 1.9731612177498192e-14, 7.546047120499111e-16, -1.0, -1.0, -1.0, -1.0
325, 325.0, 1.1388459619787739e-15, 1.3683498778505054e-14, -1.0, -1.0, -1.0, -1.0
326, 326.0, 1.5178830414797062e-16, 6.687358999890591e-15, -1.0, -1.0, -1.0, -1.0
327, 327.0, 1.4968495193334874e-14, -1.3747683547116196e-15, -1.0, -1.0, -1.0, -1.0
328, 328.0, -1.3677427246339136e-14, -1.3004354537660134e-14, -1.0, -1.0, -1.0, -1.0
329, 329.0, 2.0361316799277773e-14, -2.9524993561125257e-14, -1.0, -1.0, -1.0, -1.0
330, 330.0, 4.0507961568403417e-14, -0.5144355240661966, -1.0, -1.0, -1.0, -1.0
331, 331.0, -9.020995755948391e-15, 3.263014858312374e-14, -1.0, -1.0, -1.0, -1.0
332, 332.0, 2.1497560676042582e-14, 4.371503159461554e-16, -1.0, -1.0, -1.0, -1.0
333, 333.0, -1.890154699424329e-14, 2.634004125923184e-14, -1.0, -1.0, -1.0, -1.0
334, 334.0, -1.609216232489885e-14, -2.8085173076064507e-15, -1.0, -1.0, -1.0, -1.0
335, 335.0, -4.989932078647286e-15, 1.1418817280617333e-14, -1.0, -1.0, -1.0, -1.0
336, 336.0, 2.0278917434168875e-15, 1.247439651574922e-14, -1.0, -1.0, -1.0, -1.0
337, 337.0, 2.0350041096683924e-14, 5.886957588074893e-14, -1.0, -1.0, -1.0, -1.0
338, 338.0, 2.7172708527700706e-14, -1.3598497328182191e-14, -1.0, -1.0, -1.0, -1.0
339, 339.0, -3.94996535479919e-15, -1.5036583089766964e-14, -1.0, -1.0, -1.0, -1.0
340, 340.0, -2.3184579256430027e-15, -9.337149109445164e-15, -1.0, -1.0, -1.0, -1.0
341, 341.0, -1.5297658972901473e-14, 1.2268831783845968e-14, -1.0, -1.0, -1.0, -1.0
342, 342.0, -1.273547239888373e-14, 3.994981429000788e-14, -1.0, -1.0, -1.0, -1.0
343, 343.0, -8.751679936302992e-16, 2.7026991755718655e-14, -1.0, -1.0, -1.0, -1.0
344, 344.0, 2.3271315430228867e-15, 4.891920202254596e-15, -1.0, -1.0, -1.0, -1.0
345, 345.0, 2.0534789146875454e-14, 4.394921926387241e-14, -1.0, -1.0, -1.0, -1.0
346, 346.0, -4.615231807836295e-14, -2.909998630951094e-15, -1.0, -1.0, -1.0, -1.0
347, 347.0, 3.4013590555215245e-14, 2.0423766844412938e-14, -1.0, -1.0, -1.0, -1.0
348, 348.0, -3.191370778754532e-14, 1.9585028043778152e-14, -1.0, -1.0, -1.0, -1.0
349, 349.0, -2.3581830932428716e-14, -1.472346550235315e-14, -1.0, -1.0, -1.0, -1.0
350, 350.0, 1.6686305115420907e-14, -0.18368289134138105, -1.0, -1.0, -1.0, -1.0
351, 351.0, 3.595214403961933e-15, -2.4605317783255032e-14, -1.0, -1.0, -1.0, -1.0
352, 352.0, 6.914607775243553e-15, -1.0255685189974884e-14, -1.0, -1.0, -1.0, -1.0
353, 353.0, 1.4504890344380073e-14, -4.1337593070789325e-14, -1.0, -1.0, -1.0, -1.0
354, 354.0, 1.2187299780475058e-14, -9.726594529801957e-15, -1.0, -1.0, -1.0, -1.0
355, 355.0, -2.4504703821648377e-14, -1.2307863062055446e-15, -1.0, -1.0, -1.0, -1.0
356, 356.0, -9.341485918135106e-16, -4.714978407704962e-15, -1.0, -1.0, -1.0, -1.0
357, 357.0, -1.9489618252599428e-14, 2.5501736139466047e-14, -1.0, -1.0, -1.0, -1.0
358, 358.0, -1.7997756063259374e-14, -1.7220599946021764e-14, -1.0, -1.0, -1.0, -1.0
359, 359.0, -8.683158359001908e-15, -5.26410512402542e-14, -1.0, -1.0, -1.0, -1.0
360, 360.0, 1.9147877727831997e-14, 2.3594407677629547e-14, -1.0, -1.0, -1.0, -1.0
361, 361.0, -4.83554168928535e-14, 2.165542051235647e-14, -1.0, -1.0, -1.0, -1.0
362, 362.0, 1.591955733903916e-14, 4.500306377552832e-15, -1.0, -1.0, -1.0, -1.0
363, 363.0, 6.293576770843856e-15, 4.2934406030425976e-17, -1.0, -1.0, -1.0, -1.0
364, 364.0, -2.085224354297921e-14, 5.285702431301331e-15, -1.0, -1.0, -1.0, -1.0
365, 365.0, 1.1103097607989554e-14, -4.541267535629334e-14, -1.0, -1.0, -1.0, -1.0
366, 366.0, -1.2222861611732583e-14, 1.770632251929527e-14, -1.0, -1.0, -1.0, -1.0
367, 367.0, -1.4579483453847075e-14, 2.4434013840002322e-14, -1.0, -1.0, -1.0, -1.0
368, 368.0, 1.7296927778964744e-14, 1.0096957991923006e-14, -1.0, -1.0, -1.0, -1.0
369, 369.0, -1.5323679825041125e-14, 1.947075313479818e-14, -1.0, -1.0, -1.0, -1.0
370, 370.0, 5.962504795453683e-14, -0.08875827836190156, -1.0, -1.0, -1.0, -1.0
371, 371.0, -4.0658448829944405e-14, 2.6269351277585784e-14, -1.0, -1.0, -1.0, -1.0
372, 372.0, 9.418681112816074e-15, 2.525551382609459e-14, -1.0, -1.0, -1.0, -1.0
373, 373.0, -2.4479550331246713e-14, -3.365786382242275e-14, -1.0, -1.0, -1.0, -1.0
374, 374.0, 7.831409132297296e-15, -1.9062008915771145e-14, -1.0, -1.0, -1.0, -1.0
375, 375.0, -5.773159728050814e-15, -6.471395781294023e-15, -1.0, -1.0, -1.0, -1.0
376, 376.0, 7.67181457250743e-15, -2.7708683871668915e-14, -1.0, -1.0, -1.0, -1.0
377, 377.0, 2.9324632999649936e-14, -1.9813903122389842e-14, -1.0, -1.0, -1.0, -1.0
378, 378.0, -1.0850695342234928e-14, 3.68218910223872e-14, -1.0, -1.0, -1.0, -1.0
379, 379.0, 1.3934166320783703e-14, 1.7602564371388407e-14, -1.0, -1.0, -1.0, -1.0
380, 380.0, 1.1885457895655094e-14, -2.5027722949655384e-15, -1.0, -1.0, -1.0, -1.0
381, 381.0, -2.7651492207070305e-15, 7.146193359286457e-15, -1.0, -1.0, -1.0, -1.0
382, 382.0, 1.9441045995272077e-14, 1.9007365126277875e-14, -1.0, -1.0, -1.0, -1.0
383, 383.0, 6.088879400678593e-15, 9.667397091184249e-15, -1.0, -1.0, -1.0, -1.0
384, 384.0, 3.8811835689767094e-14, -5.023564030037786e-14, -1.0, -1.0, -1.0, -1.0
385, 385.0, -1.2976598962044505e-14, 3.4366606782576525e-14, -1.0, -1.0, -1.0, -1.0
386, 386.0, -2.7546541436773708e-14, -1.598894627807823e-14, -1.0, -1.0, -1.0, -1.0
387, 387.0, 3.5931327357907605e-14, 3.171941875823592e-14, -1.0, -1.0, -1.0, -1.0
388, 388.0, 1.1187231696574429e-14, 2.2369259222720927e-14, -1.0, -1.0, -1.0, -1.0
389, 389.0, 1.9680437834956876e-15, 9.036608267232182e-15, -1.0, -1.0, -1.0, -1.0
390, 390.0, -1.4236875567341656e-14, 0.03631523719505725, -1.0, -1.0, -1.0, -1.0
391, 391.0, 1.6982942829812941e-15, -1.6941309466389498e-14, -1.0, -1.0, -1.0, -1.0
392, 392.0, -1.5161483180037294e-15, -1.452830911130576e-15, -1.0, -1.0, -1.0, -1.0
393, 393.0, -1.6433035487928294e-14, -2.6932883007146913e-14, -1.0, -1.0, -1.0, -1.0
394, 394.0, 4.867634073590921e-15, 7.378819777414947e-14, -1.0, -1.0, -1.0, -1.0
395, 395.0, 2.5440587136937864e-14, 1.4834054123946672e-14, -1.0, -1.0, -1.0, -1.0
396, 396.0, 1.2576745200831851e-15, -1.726049858596923e-15, -1.0, -1.0, -1.0, -1.0
397, 397.0, -3.523483588230292e-14, -2.401898124837487e-14, -1.0, -1.0, -1.0, -1.0
398, 398.0, -6.459503071321038e-14, -8.916478666520788e-15, -1.0, -1.0, -1.0, -1.0
399, 399.0, 6.1652072336215724e-15, -2.258609965721803e-15, -1.0, -1.0, -1.0, -1.0
400, 400.0, -1.0744009848462355e-14, -2.1905220692897132e-14, -1.0, -1.0, -1.0, -1.0
401, 401.0, 1.6924829593367718e-14, 2.2065682614424986e-14, -1.0, -1.0, -1.0, -1.0
402, 402.0, -4.154662724964453e-15, 4.307318390850412e-15, -1.0, -1.0, -1.0, -1.0
403, 403.0, 4.085273785925381e-15, -1.1466522176206695e-14, -1.0, -1.0, -1.0, -1.0
404, 404.0, 2.0056872829243844e-14, 2.6118864016044796e-14, -1.0, -1.0, -1.0, -1.0
405, 405.0, 5.117434254131581e-15, 1.6534516811272937e-14, -1.0, -1.0, -1.0, -1.0
406, 406.0, -1.0711050102418795e-14, 1.1160343482696788e-14, -1.0, -1.0, -1.0, -1.0
407, 407.0, 2.1506234293422466e-14, -6.643990912991171e-15, -1.0, -1.0, -1.0, -1.0
408, 408.0, -3.115910307549541e-14, 7.41594285980085e-15, -1.0, -1.0, -1.0, -1.0
409, 409.0, 1.754412587429144e-14, -3.9534348017511434e-14, -1.0, -1.0, -1.0, -1.0
410, 410.0, -2.431301687755294e-14, 0.2954851069038067, -1.0, -1.0, -1.0, -1.0
411, 411.0, -1.3315737401597971e-14, -1.2233269952588444e-14, -1.0, -1.0, -1.0, -1.0
412, 412.0, 9.562663161322149e-15, 6.774528854558426e-14, -1.0, -1.0, -1.0, -1.0
413, 413.0, 2.918238567461984e-14, 6.363833071620917e-15, -1.0, -1.0, -1.0, -1.0
414, 414.0, -1.9903349801619896e-14, -2.1413426587457707e-14, -1.0, -1.0, -1.0, -1.0
415, 415.0, -6.6118985286856e-15, -2.7640216504476456e-14, -1.0, -1.0, -1.0, -1.0
416, 416.0, 4.983253393264775e-14, -3.146961857769526e-14, -1.0, -1.0, -1.0, -1.0
417, 417.0, 8.08164299370695e-14, -4.7949491599474925e-14, -1.0, -1.0, -1.0, -1.0
418, 418.0, -3.627740469136498e-15, 5.288477988862894e-14, -1.0, -1.0, -1.0, -1.0
419, 419.0, -2.9797345146853615e-14, -3.697563089044564e-15, -1.0, -1.0, -1.0, -1.0
420, 420.0, 2.691076528282821e-14, 6.529499163576702e-15, -1.0, -1.0, -1.0, -1.0
421, 421.0, -2.53182891318815e-15, -1.7137333219174877e-14, -1.0, -1.0, -1.0, -1.0
422, 422.0, -7.31576257906319e-15, 1.790755044250858e-14, -1.0, -1.0, -1.0, -1.0
423, 423.0, -1.3984906982456025e-14, -2.024422296464934e-14, -1.0, -1.0, -1.0, -1.0
424, 424.0, 2.2024049251001543e-14, 3.205075094214749e-14, -1.0, -1.0, -1.0, -1.0
425, 425.0, 9.978563114687589e-15, -9.497611030973019e-14, -1.0, -1.0, -1.0, -1.0
426, 426.0, 1.934650356583134e-14, 5.088724580604165e-14, -1.0, -1.0, -1.0, -1.0
427, 427.0, -7.759418108044258e-15, 2.505808061048498e-14, -1.0, -1.0, -1.0, -1.0
428, 428.0, -9.139824314052802e-15, -1.1788313381000393e-14, -1.0, -1.0, -1.0, -1.0
429, 429.0, 5.773810249354305e-15, 4.369768435985577e-15, -1.0, -1.0, -1.0, -1.0
430, 430.0, 2.0700238398396742e-14, -0.520422382553398, -1.0, -1.0, -1.0, -1.0
431, 431.0, 3.287192566758801e-14, -8.599024270417033e-15, -1.0, -1.0, -1.0, -1.0
432, 432.0, 1.496047209725848e-14, 2.4208066107256343e-15, -1.0, -1.0, -1.0, -1.0
433, 433.0, 2.6355220089646636e-14, 2.067269966321561e-14, -1.0, -1.0, -1.0, -1.0
434, 434.0, -8.445826503444831e-15, 9.799452915792983e-15, -1.0, -1.0, -1.0, -1.0
435, 435.0, 1.132254012770062e-14, -1.1346826256364295e-14, -1.0, -1.0, -1.0, -1.0
436, 436.0, 1.0049578356985389e-14, 1.984610392691266e-14, -1.0, -1.0, -1.0, -1.0
437, 437.0, 4.977539647815776e-14, 9.384333587991733e-14, -1.0, -1.0, -1.0, -1.0
438, 438.0, -6.3980260976356784e-15, -5.9310195643647035e-15, -1.0, -1.0, -1.0, -1.0
439, 439.0, 1.9248545899547276e-14, 3.98960378622526e-14, -1.0, -1.0, -1.0, -1.0
440, 440.0, 1.9366452885805074e-14, -3.5327643588267676e-15, -1.0, -1.0, -1.0, -1.0
441, 441.0, 3.4249946628817085e-15, -5.99260224776188e-15, -1.0, -1.0, -1.0, -1.0
442, 442.0, 9.800211857313723e-15, 2.3496829482105852e-14, -1.0, -1.0, -1.0, -1.0
443, 443.0, -1.727546057594953e-14, -9.05699126807491e-15, -1.0, -1.0, -1.0, -1.0
444, 444.0, -1.3121838685070664e-13, -8.58948329129916e-15, -1.0, -1.0, -1.0, -1.0
445, 445.0, 1.064187800381422e-14, -5.598126129324754e-14, -1.0, -1.0, -1.0, -1.0
446, 446.0, -3.575048243553702e-15, 4.969028660761765e-14, -1.0, -1.0, -1.0, -1.0
447, 447.0, -4.981171725093603e-14, -2.136745641534432e-14, -1.0, -1.0, -1.0, -1.0
448, 448.0, 1.856804640598675e-14, -7.918492250791331e-14, -1.0, -1.0, -1.0, -1.0
449, 449.0, 6.989200884710556e-15, 2.0051668658815913e-14, -1.0, -1.0, -1.0, -1.0
450, 450.0, -6.271849359307247e-14, 0.29720516134218034, -1.0, -1.0, -1.0, -1.0
451, 451.0, 1.441685312797425e-14, -1.7520707107365752e-16, -1.0, -1.0, -1.0, -1.0
452, 452.0, 4.703269024242118e-15, -1.3250685271248841e-14, -1.0, -1.0, -1.0, -1.0
453, 453.0, 4.336808689942018e-19, 3.5449074231586053e-15, -1.0, -1.0, -1.0, -1.0
454, 454.0, 2.592717707194936e-14, -5.732914143408152e-14, -1.0, -1.0, -1.0, -1.0
455, 455.0, -5.994770652106851e-15, 2.967504714179725e-14, -1.0, -1.0, -1.0, -1.0
456, 456.0, -1.4535248005209667e-14, -3.8958419823487134e-14, -1.0, -1.0, -1.0, -1.0
457, 457.0, 8.406036283714613e-15, 8.711781296355525e-15, -1.0, -1.0, -1.0, -1.0
458, 458.0, -1.4004856302429758e-14, -1.0908808578680151e-14, -1.0, -1.0, -1.0, -1.0
459, 459.0, -5.065219077504679e-14, -8.628861514203834e-14, -1.0, -1.0, -1.0, -1.0
460, 460.0, -3.6377151291233645e-15, 4.853929758130704e-14, -1.0, -1.0, -1.0, -1.0
461, 461.0, -3.900438999560052e-14, 2.866630544051674e-14, -1.0, -1.0, -1.0, -1.0
462, 462.0, -1.5343629145014859e-15, -8.891411912292924e-14, -1.0, -1.0, -1.0, -1.0
463, 463.0, 3.017031069418863e-14, 5.942295266958553e-15, -1.0, -1.0, -1.0, -1.0
464, 464.0, 8.554702085605825e-14, -4.6629367034256575e-14, -1.0, -1.0, -1.0, -1.0
465, 465.0, -3.8790151646317383e-14, 4.126386732306031e-14, -1.0, -1.0, -1.0, -1.0
466, 466.0, -4.5596339204312386e-14, 8.87519224779254e-14, -1.0, -1.0, -1.0, -1.0
467, 467.0, 1.8310873650673187e-14, -2.335718424228972e-14, -1.0, -1.0, -1.0, -1.0
468, 468.0, 8.956377306468255e-15, 2.49219048176208e-14, -1.0, -1.0, -1.0, -1.0
469, 469.0, -3.352873534367973e-14, 1.3968860790303239e-14, -1.0, -1.0, -1.0, -1.0
470, 470.0, -3.606490106555782e-15, 0.028724503965661355, -1.0, -1.0, -1.0, -1.0
471, 471.0, -2.824563499759236e-14, -1.7840763588683473e-14, -1.0, -1.0, -1.0, -1.0
472, 472.0, 3.925852698483112e-14, -4.571863720936875e-15, -1.0, -1.0, -1.0, -1.0
473, 473.0, 2.583350200424661e-14, 1.2704247376316147e-14, -1.0, -1.0, -1.0, -1.0
474, 474.0, -1.9649212812389294e-14, -3.4807226545474634e-15, -1.0, -1.0, -1.0, -1.0
475, 475.0, -7.34568655902379e-15, -5.434021288497348e-15, -1.0, -1.0, -1.0, -1.0
476, 476.0, 8.045647481580431e-15, 6.602357549567728e-15, -1.0, -1.0, -1.0, -1.0
477, 477.0, -1.4556064686921388e-14, -1.625088952295073e-14, -1.0, -1.0, -1.0, -1.0
478, 478.0, 6.9865987994965906e-15, -2.083576366995743e-14, -1.0, -1.0, -1.0, -1.0
479, 479.0, 1.0737938316296436e-15, 3.0003777240494856e-14, -1.0, -1.0, -1.0, -1.0
480, 480.0, 5.717648576819556e-15, -1.1647367098577277e-14, -1.0, -1.0, -1.0, -1.0
481, 481.0, -1.6803398950049342e-14, 1.7668592283692774e-14, -1.0, -1.0, -1.0, -1.0
482, 482.0, -7.722988915048745e-15, 1.2462253451417382e-14, -1.0, -1.0, -1.0, -1.0
483, 483.0, 6.230259363970703e-15, 1.3238975887785998e-14, -1.0, -1.0, -1.0, -1.0
484, 484.0, -5.385449031169998e-15, -1.2858637765678083e-15, -1.0, -1.0, -1.0, -1.0
485, 485.0, 1.1292182466871026e-14, 2.237359603141087e-15, -1.0, -1.0, -1.0, -1.0
486, 486.0, 1.4030443473700416e-14, 3.453921176843622e-14, -1.0, -1.0, -1.0, -1.0
487, 487.0, 1.8951853975046618e-15, 1.6192776286505506e-14, -1.0, -1.0, -1.0, -1.0
488, 488.0, 3.5180192092809648e-15, 7.17134684968812e-15, -1.0, -1.0, -1.0, -1.0
489, 489.0, 5.198792785154893e-14, 9.40406606753097e-14, -1.0, -1.0, -1.0, -1.0
490, 490.0, -1.9929544126107146e-13, 5.164257575607009, -1.0, -1.0, -1.0, -1.0
491, 491.0, -1.0722325805012645e-14, -3.457217151447978e-14, -1.0, -1.0, -1.0, -1.0
492, 492.0, -5.24762525100364e-14, 2.8794241296870027e-14, -1.0, -1.0, -1.0, -1.0
493, 493.0, 7.281501790412648e-15, -1.7321647588497413e-14, -1.0, -1.0, -1.0, -1.0
494, 494.0, -2.3132537552150723e-15, -1.109594187365115e-14, -1.0, -1.0, -1.0, -1.0
495, 495.0, 1.820071870994866e-14, -6.306587196913682e-15, -1.0, -1.0, -1.0, -1.0
496, 496.0, -3.613429000459689e-15, -1.1941402727755346e-14, -1.0, -1.0, -1.0, -1.0
497, 497.0, 6.080552727993904e-14, -2.4306620084735275e-14, -1.0, -1.0, -1.0, -1.0
498, 498.0, 1.0434361708000495e-14, 6.836003117738354e-15, -1.0, -1.0, -1.0, -1.0
499, 499.0, -1.478938499444027e-14, -3.75041252394237e-14, -1.0, -1.0, -1.0, -1.0
