0.0, 0.0
0.002, 0.0
0.004, 0.0078125
0.006, 0.0078125
0.008, 0.0078125
0.01, 0.015625
0.012, 0.015625
0.014, 0.015625
0.016, 0.015625
0.018, 0.015625
0.02, 0.015625
0.022, 0.0234375
0.024, 0.0234375
0.026, 0.0234375
0.028, 0.0234375
0.03, 0.015625
0.032, 0.015625
0.034, 0.015625
0.036, 0.015625
0.038, 0.015625
0.04, 0.015625
0.042, 0.0078125
0.044, 0.0078125
0.046, 0.0078125
0.048, 0.0
0.05, 0.0
0.052, -0.0
0.054, -0.0078125
0.056, -0.0078125
0.058, -0.0078125
0.06, -0.015625
0.062, -0.015625
0.064, -0.015625
0.066, -0.015625
0.068, -0.015625
0.07, -0.015625
0.072, -0.0234375
0.074, -0.0234375
0.076, -0.0234375
0.078, -0.0234375
0.08, -0.015625
0.082, -0.015625
0.084, -0.015625
0.086, -0.015625
0.088, -0.015625
0.09, -0.015625
0.092, -0.0078125
0.094, -0.0078125
0.096, -0.0078125
0.098, -0.0
0.1, -0.0
0.102, 0.0
0.104, 0.0078125
0.106, 0.0078125
0.108, 0.0078125
0.11, 0.015625
0.112, 0.015625
0.114, 0.015625
0.116, 0.015625
0.118, 0.015625
0.12, 0.015625
0.122, 0.0234375
0.124, 0.0234375
0.126, 0.0234375
0.128, 0.0234375
0.13, 0.015625
0.132, 0.015625
0.134, 0.015625
0.136, 0.015625
0.138, 0.015625
0.14, 0.015625
0.142, 0.0078125
0.144, 0.0078125
0.146, 0.0078125
0.148, 0.0
0.15, 0.0
0.152, -0.0
0.154, -0.0078125
0.156, -0.0078125
0.158, -0.0078125
0.16, -0.015625
0.162, -0.015625
0.164, -0.015625
0.166, -0.015625
0.168, -0.015625
0.17, -0.015625
0.172, -0.0234375
0.174, -0.0234375
0.176, -0.0234375
0.178, -0.0234375
0.18, -0.015625
0.182, -0.015625
0.184, -0.015625
0.186, -0.015625
0.188, -0.015625
0.19, -0.015625
0.192, -0.0078125
0.194, -0.0078125
0.196, -0.0078125
0.198, -0.0
0.2, -0.0
0.202, 0.0
0.204, 0.0078125
0.206, 0.0078125
0.208, 0.0078125
0.21, 0.015625
0.212, 0.015625
0.214, 0.015625
0.216, 0.015625
0.218, 0.015625
0.22, 0.015625
0.222, 0.0234375
0.224, 0.0234375
0.226, 0.0234375
0.228, 0.0234375
0.23, 0.015625
0.232, 0.015625
0.234, 0.015625
0.236, 0.015625
0.238, 0.015625
0.24, 0.015625
0.242, 0.0078125
0.244, 0.0078125
0.246, 0.0078125
0.248, 0.0
0.25, 0.0
0.252, -0.0
0.254, -0.0078125
0.256, -0.0078125
0.258, -0.0078125
0.26, -0.015625
0.262, -0.015625
0.264, -0.015625
0.266, -0.015625
0.268, -0.015625
0.27, -0.015625
0.272, -0.0234375
0.274, -0.0234375
0.276, -0.0234375
0.278, -0.0234375
0.28, -0.015625
0.282, -0.015625
0.284, -0.015625
0.286, -0.015625
0.288, -0.015625
0.29, -0.015625
0.292, -0.0078125
0.294, -0.0078125
0.296, -0.0078125
0.298, -0.0
0.3, -0.0
0.302, 0.0
0.304, 0.0078125
0.306, 0.0078125
0.308, 0.0078125
0.31, 0.015625
0.312, 0.015625
0.314, 0.015625
0.316, 0.015625
0.318, 0.015625
0.32, 0.015625
0.322, 0.0234375
0.324, 0.0234375
0.326, 0.0234375
0.328, 0.0234375
0.33, 0.015625
0.332, 0.015625
0.334, 0.015625
0.336, 0.015625
0.338, 0.015625
0.34, 0.015625
0.342, 0.0078125
0.344, 0.0078125
0.346, 0.0078125
0.348, 0.0
0.35, 0.0
0.352, -0.0
0.354, -0.0078125
0.356, -0.0078125
0.358, -0.0078125
0.36, -0.015625
0.362, -0.015625
0.364, -0.015625
0.366, -0.015625
0.368, -0.015625
0.37, -0.015625
0.372, -0.0234375
0.374, -0.0234375
0.376, -0.0234375
0.378, -0.0234375
0.38, -0.015625
0.382, -0.015625
0.384, -0.015625
0.386, -0.015625
0.388, -0.015625
0.39, -0.015625
0.392, -0.0078125
0.394, -0.0078125
0.396, -0.0078125
0.398, -0.0
0.4, -0.0
0.402, 0.0
0.404, 0.0078125
0.406, 0.0078125
0.408, 0.0078125
0.41, 0.015625
0.412, 0.015625
0.414, 0.015625
0.416, 0.015625
0.418, 0.015625
0.42, 0.015625
0.422, 0.0234375
0.424, 0.0234375
0.426, 0.0234375
0.428, 0.0234375
0.43, 0.015625
0.432, 0.015625
0.434, 0.015625
0.436, 0.015625
0.438, 0.015625
0.44, 0.015625
0.442, 0.0078125
0.444, 0.0078125
0.446, 0.0078125
0.448, 0.0
0.45, 0.0
0.452, -0.0
0.454, -0.0078125
0.456, -0.0078125
0.458, -0.0078125
0.46, -0.015625
0.462, -0.015625
0.464, -0.015625
0.466, -0.015625
0.468, -0.015625
0.47, -0.015625
0.472, -0.0234375
0.474, -0.0234375
0.476, -0.0234375
0.478, -0.0234375
0.48, -0.015625
0.482, -0.015625
0.484, -0.015625
0.486, -0.015625
0.488, -0.015625
0.49, -0.015625
0.492, -0.0078125
0.494, -0.0078125
0.496, -0.0078125
0.498, -0.0
0.5, -0.0
0.502, 0.0
0.504, 0.0078125
0.506, 0.0078125
0.508, 0.0078125
0.51, 0.015625
0.512, 0.015625
0.514, 0.015625
0.516, 0.015625
0.518, 0.015625
0.52, 0.015625
0.522, 0.0234375
0.524, 0.0234375
0.526, 0.0234375
0.528, 0.0234375
0.53, 0.015625
0.532, 0.015625
0.534, 0.015625
0.536, 0.015625
0.538, 0.015625
0.54, 0.015625
0.542, 0.0078125
0.544, 0.0078125
0.546, 0.0078125
0.548, 0.0
0.55, -0.0
0.552, -0.0
0.554, -0.0078125
0.556, -0.0078125
0.558, -0.0078125
0.56, -0.015625
0.562, -0.015625
0.564, -0.015625
0.566, -0.015625
0.568, -0.015625
0.57, -0.015625
0.572, -0.0234375
0.574, -0.0234375
0.576, -0.0234375
0.578, -0.0234375
0.58, -0.015625
0.582, -0.015625
0.584, -0.015625
0.586, -0.015625
0.588, -0.015625
0.59, -0.015625
0.592, -0.0078125
0.594, -0.0078125
0.596, -0.0078125
0.598, -0.0
0.6, -0.0
0.602, 0.0
0.604, 0.0078125
0.606, 0.0078125
0.608, 0.0078125
0.61, 0.015625
0.612, 0.015625
0.614, 0.015625
0.616, 0.015625
0.618, 0.015625
0.62, 0.015625
0.622, 0.0234375
0.624, 0.0234375
0.626, 0.0234375
0.628, 0.0234375
0.63, 0.015625
0.632, 0.015625
0.634, 0.015625
0.636, 0.015625
0.638, 0.015625
0.64, 0.015625
0.642, 0.0078125
0.644, 0.0078125
0.646, 0.0078125
0.648, 0.0
0.65, -0.0
0.652, -0.0
0.654, -0.0078125
0.656, -0.0078125
0.658, -0.0078125
0.66, -0.015625
0.662, -0.015625
0.664, -0.015625
0.666, -0.015625
0.668, -0.015625
0.67, -0.015625
0.672, -0.0234375
0.674, -0.0234375
0.676, -0.0234375
0.678, -0.0234375
0.68, -0.015625
0.682, -0.015625
0.684, -0.015625
0.686, -0.015625
0.688, -0.015625
0.69, -0.015625
0.692, -0.0078125
0.694, -0.0078125
0.696, -0.0078125
0.698, -0.0
0.7, -0.0
0.702, 0.0
0.704, 0.0078125
0.706, 0.0078125
0.708, 0.0078125
0.71, 0.015625
0.712, 0.015625
0.714, 0.015625
0.716, 0.015625
0.718, 0.015625
0.72, 0.015625
0.722, 0.0234375
0.724, 0.0234375
0.726, 0.0234375
0.728, 0.0234375
0.73, 0.015625
0.732, 0.015625
0.734, 0.015625
0.736, 0.015625
0.738, 0.015625
0.74, 0.015625
0.742, 0.0078125
0.744, 0.0078125
0.746, 0.0078125
0.748, 0.0
0.75, 0.0
0.752, -0.0
0.754, -0.0078125
0.756, -0.0078125
0.758, -0.0078125
0.76, -0.015625
0.762, -0.015625
0.764, -0.015625
0.766, -0.015625
0.768, -0.015625
0.77, -0.015625
0.772, -0.0234375
0.774, -0.0234375
0.776, -0.0234375
0.778, -0.0234375
0.78, -0.015625
0.782, -0.015625
0.784, -0.015625
0.786, -0.015625
0.788, -0.015625
0.79, -0.015625
0.792, -0.0078125
0.794, -0.0078125
0.796, -0.0078125
0.798, -0.0
0.8, -0.0
0.802, 0.0
0.804, 0.0078125
0.806, 0.0078125
0.808, 0.0078125
0.81, 0.015625
0.812, 0.015625
0.814, 0.015625
0.816, 0.015625
0.818, 0.015625
0.82, 0.015625
0.822, 0.0234375
0.824, 0.0234375
0.826, 0.0234375
0.828, 0.0234375
0.83, 0.015625
0.832, 0.015625
0.834, 0.015625
0.836, 0.015625
0.838, 0.015625
0.84, 0.015625
0.842, 0.0078125
0.844, 0.0078125
0.846, 0.0078125
0.848, 0.0
0.85, 0.0
0.852, -0.0
0.854, -0.0078125
0.856, -0.0078125
0.858, -0.0078125
0.86, -0.015625
0.862, -0.015625
0.864, -0.015625
0.866, -0.015625
0.868, -0.015625
0.87, -0.015625
0.872, -0.0234375
0.874, -0.0234375
0.876, -0.0234375
0.878, -0.0234375
0.88, -0.015625
0.882, -0.015625
0.884, -0.015625
0.886, -0.015625
0.888, -0.015625
0.89, -0.015625
0.892, -0.0078125
0.894, -0.0078125
0.896, -0.0078125
0.898, -0.0
0.9, -0.0
0.902, 0.0
0.904, 0.0078125
0.906, 0.0078125
0.908, 0.0078125
0.91, 0.015625
0.912, 0.015625
0.914, 0.015625
0.916, 0.015625
0.918, 0.015625
0.92, 0.015625
0.922, 0.0234375
0.924, 0.0234375
0.926, 0.0234375
0.928, 0.0234375
0.93, 0.015625
0.932, 0.015625
0.934, 0.015625
0.936, 0.015625
0.938, 0.015625
0.94, 0.015625
0.942, 0.0078125
0.944, 0.0078125
0.946, 0.0078125
0.948, 0.0
0.95, 0.0
0.952, -0.0
0.954, -0.0078125
0.956, -0.0078125
0.958, -0.0078125
0.96, -0.015625
0.962, -0.015625
0.964, -0.015625
0.966, -0.015625
0.968, -0.015625
0.97, -0.015625
0.972, -0.0234375
0.974, -0.0234375
0.976, -0.0234375
0.978, -0.0234375
0.98, -0.015625
0.982, -0.015625
0.984, -0.015625
0.986, -0.015625
0.988, -0.015625
0.99, -0.015625
0.992, -0.0078125
0.994, -0.0078125
0.996, -0.0078125
0.998, -0.0
