0, 0.0, -1.25, 0.0, 0.0025, 6.25e-06, 6.25e-06, -55.05149978319906
1, 1.0, -2.0816681711721685e-15, -3.204901621867151e-16, 8.424778994304596e-18, 3.5488450551437984e-35, 3.5488450551437984e-35, -344.4991296181471
2, 2.0, 1.4988010832439613e-15, -3.5501115935865357e-15, 1.5414121844101687e-17, 1.1879757611240641e-34, 1.1879757611240641e-34, -339.25192420396456
3, 3.0, -6.217248937900877e-15, -2.454633718507182e-15, 2.6737063727451295e-17, 3.5743528838289585e-34, 3.5743528838289585e-34, -334.46802573281343
4, 4.0, 5.412337245047638e-15, -7.605027718682322e-15, 3.7337346677246644e-17, 6.970387284484505e-34, 6.970387284484505e-34, -331.56743091221665
5, 5.0, 1.1601830607332886e-14, 2.609024107869118e-15, 4.756628726090585e-17, 1.1312758418935069e-33, 1.1312758418935069e-33, -329.4643148702337
6, 6.0, -8.326672684688674e-16, -2.876171523169546e-15, 1.197710977534786e-17, 7.172557928536664e-35, 7.172557928536664e-35, -341.4432593552641
7, 7.0, 1.4627188349436437e-14, -1.700029006457271e-16, 5.851270494463465e-17, 1.7118683199689364e-33, 1.7118683199689364e-33, -327.6652964509713
8, 8.0, -4.829470157119431e-15, -2.9070496010419333e-14, 1.1787569861784498e-16, 6.94734016232251e-33, 6.94734016232251e-33, -321.5818143626269
9, 9.0, 2.581268532253489e-14, -8.371428550368876e-14, 3.5041407097211883e-16, 6.139501056762657e-32, 6.139501056762657e-32, -312.11866921546033
10, 10.0, 1.5107359807586818e-13, -303.4425119086436, 1.2137700476345745, 0.7366188642674186, 0.7366188642674186, -1.3275716337638106
11, 11.0, -3.0558888752807434e-14, 4.979350265443827e-14, 2.3369171447542638e-16, 2.7305908707232105e-32, 2.7305908707232105e-32, -315.6374336609896
12, 12.0, -1.554312234475219e-14, 3.5763059180737855e-14, 1.5597871927613167e-16, 1.2164680433511145e-32, 1.2164680433511145e-32, -319.1489929551127
13, 13.0, 7.632783294297951e-15, 6.24916784985885e-14, 2.518243598189393e-16, 3.1707754099109304e-32, 3.1707754099109304e-32, -314.9883451851869
14, 14.0, -2.1510571102112408e-14, -2.54379850517239e-14, 1.3325438845340964e-16, 8.878366021046097e-33, 8.878366021046097e-33, -320.51666954642496
15, 15.0, -3.552713678800501e-15, 3.5110803153770576e-14, 1.411603498202728e-16, 9.963122180690896e-33, 9.963122180690896e-33, -320.0160454376862
16, 16.0, -4.490852134608758e-14, 1.855460229904793e-14, 1.9436248839600048e-16, 1.888838844774271e-32, 1.888838844774271e-32, -317.2380509438674
17, 17.0, -4.4575454438700035e-14, 2.4764912343044898e-14, 2.0397144983650318e-16, 2.0802176174202566e-32, 2.0802176174202566e-32, -316.81891229892466
18, 18.0, -4.9960036108132044e-14, -3.20646287299553e-14, 2.3745805940471197e-16, 2.819316498812586e-32, 2.819316498812586e-32, -315.49856167132225
19, 19.0, 3.469446951953614e-15, 2.010197563961924e-14, 8.159671432289569e-17, 3.329011894146125e-33, 3.329011894146125e-33, -324.77684653160304
20, 20.0, 0.5640133224332791, 2.14064876935538e-14, 0.0022560532897331165, 2.5448882230578084e-06, 2.5448882230578084e-06, -55.94331288052277
21, 21.0, -3.8163916471489756e-13, 1.294936380347167e-13, 1.6120399713940145e-15, 1.2993364346860076e-30, 1.2993364346860076e-30, -298.8627838333051
22, 22.0, 4.9960036108132044e-14, -6.701583732393601e-14, 3.3435616124496014e-16, 5.589702128123289e-32, 5.589702128123289e-32, -312.5261133478964
23, 23.0, -3.83026943495679e-14, 1.2174983243795623e-13, 5.105309877859613e-16, 1.303209447448547e-31, 1.303209447448547e-31, -308.8498578032639
24, 24.0, -7.638334409421077e-14, -5.6343818499726694e-14, 3.79663875303295e-16, 7.207232910515797e-32, 7.207232910515797e-32, -311.4223144295827
25, 25.0, -4.621303340002214e-14, 1.6207868380746504e-13, 6.741530295212421e-16, 2.2724115360633435e-31, 2.2724115360633435e-31, -306.4351301466149
26, 26.0, 7.427392034742297e-14, 1.7805201757425948e-14, 3.0551308851564387e-16, 4.666912362718382e-32, 4.666912362718382e-32, -313.3097035440629
27, 27.0, 1.867950238931826e-13, -6.478151348687788e-14, 7.908377880795045e-16, 3.127122035272416e-31, 3.127122035272416e-31, -305.0485517017656
28, 28.0, 3.114175584073564e-14, 1.942890293094024e-14, 1.4682186354593872e-16, 1.0778329807551124e-32, 1.0778329807551124e-32, -319.67448531501907
29, 29.0, 5.906386491005833e-14, -2.0607127115823687e-13, 8.574745144656857e-16, 3.676312714790817e-31, 3.676312714790817e-31, -304.34587553724515
30, 30.0, 1.662558979376172e-13, -68.98804398517741, 0.27595217594070964, 0.038074801703206186, 0.038074801703206186, -14.193623498284948
31, 31.0, 6.078471059822732e-15, 3.0905833448002795e-13, 1.2364724140683055e-15, 7.644320153759516e-31, 7.644320153759516e-31, -301.16661132436036
32, 32.0, 2.842170943040401e-14, 1.1229905894083458e-13, 4.633594234447959e-16, 1.0735097764754685e-31, 1.0735097764754685e-31, -309.69193996081003
33, 33.0, 6.697420396051257e-14, -5.954958748333183e-14, 3.5847895035729685e-16, 6.425357892463465e-32, 6.425357892463465e-32, -311.9210267711835
34, 34.0, 2.19824158875781e-14, 5.585809592645319e-14, 2.4011175693941493e-16, 2.882682791026634e-32, 2.882682791026634e-32, -315.4020314453032
35, 35.0, 1.2273515537231106e-13, 3.313876950628014e-13, 1.4135443271623373e-15, 9.990537824264123e-31, 9.990537824264123e-31, -300.00411131611554
36, 36.0, -2.060018822191978e-13, -1.6209256159527285e-13, 1.04850960130936e-15, 5.496861920189566e-31, 5.496861920189566e-31, -302.5988517226711
37, 37.0, -6.158962229108056e-14, 2.586125757986224e-13, 1.0633813685421137e-15, 5.653899674812494e-31, 5.653899674812494e-31, -302.4765190208313
38, 38.0, 1.2356782264077992e-13, -3.710087792541117e-13, 1.5641816829297519e-15, 1.2233321686064754e-30, 1.2233321686064754e-30, -299.1245560395642
39, 39.0, 9.117706589734098e-14, 4.27158308724529e-14, 4.0274854791091794e-16, 8.110319642217648e-32, 8.110319642217648e-32, -310.90962029128457
40, 40.0, 0.24205385984163144, 8.672229601103254e-14, 0.0009682154393665257, 4.687205685138572e-07, 4.687205685138572e-07, -63.2908598824196
41, 41.0, 1.2609358002180215e-13, -1.6525669721545455e-13, 8.314745157588418e-16, 3.4567493517820026e-31, 3.4567493517820026e-31, -304.6133210992372
42, 42.0, 7.299716386910404e-15, 6.739608870987013e-13, 2.6960016712107513e-15, 3.634212505585582e-30, 3.634212505585582e-30, -294.3958968151206
43, 43.0, -1.4449552665496412e-13, -2.2024049251001543e-13, 1.0536400278224026e-15, 5.550786541147967e-31, 5.550786541147967e-31, -302.55645473403865
44, 44.0, -5.945244296867713e-14, 3.22519788653608e-14, 2.705485720731266e-16, 3.6598264925403887e-32, 3.6598264925403887e-32, -314.3653950343577
45, 45.0, -1.7005841179695835e-13, -5.5816462563029745e-14, 7.159367672184908e-16, 2.5628272732763175e-31, 2.5628272732763175e-31, -305.9128066294989
46, 46.0, -6.378231276471524e-14, -1.8771095788849834e-13, 7.930052926232818e-16, 3.144286970642684e-31, 3.144286970642684e-31, -305.0247782393063
47, 47.0, -5.542788450441094e-14, -6.442069100387471e-14, 3.399358953697246e-16, 5.777820648040818e-32, 5.777820648040818e-32, -312.3823594341517
48, 48.0, 1.4555023852835802e-13, -2.3675506000131463e-14, 5.898528836247109e-16, 1.739632121601934e-31, 1.739632121601934e-31, -307.5954258186111
49, 49.0, -1.4027667916138853e-13, -7.610578833805448e-14, 6.383683918879929e-16, 2.0375710188083105e-31, 2.0375710188083105e-31, -306.9088724514551
50, 50.0, 1.2323475573339238e-13, -14.116036932826592, 0.05646414773130637, 0.001594099989511395, 0.001594099989511395, -27.974844410759726
51, 51.0, 2.3869795029440866e-13, 2.1574408926028354e-13, 1.286994784918734e-15, 8.281777882040094e-31, 8.281777882040094e-31, -300.81876421490955
52, 52.0, -7.815970093361102e-14, -2.1005419625907962e-13, 8.964972211096202e-16, 4.0185363372863565e-31, 4.0185363372863565e-31, -303.95932100246
53, 53.0, 1.7477685965161527e-13, -5.061784325022245e-13, 2.1420123480506433e-15, 2.294108449600715e-30, 2.294108449600715e-30, -296.393860555063
54, 54.0, -1.2262413306984854e-13, -1.1032841307212493e-13, 6.598064775934876e-16, 2.1767229393716273e-31, 2.1767229393716273e-31, -306.6219684590584
55, 55.0, -3.1308289294429414e-14, -4.0689673852511987e-13, 1.6323978181848857e-15, 1.3323613184073876e-30, 1.3323613184073876e-30, -298.7537798439131
56, 56.0, 7.18258785781245e-13, 3.3661962106634746e-13, 3.172906434520374e-15, 5.033667621110396e-30, 5.033667621110396e-30, -292.9811546480739
57, 57.0, -2.3636648194269583e-13, 1.2903567103705882e-13, 1.0771764437524677e-15, 5.801545454876066e-31, 5.801545454876066e-31, -302.3645630072677
58, 58.0, 9.467426842491022e-14, 6.80566714095221e-13, 2.748481091617428e-15, 3.777074155489265e-30, 3.777074155489265e-30, -294.2284448856309
59, 59.0, -1.7294499166098376e-13, -1.527389326128059e-13, 9.2294443322503e-16, 4.259132134105359e-31, 4.259132134105359e-31, -303.7067888628862
60, 60.0, -0.052778053767662036, -5.295763827461997e-14, 0.00021111221507064815, 2.22841836760178e-08, 2.22841836760178e-08, -76.520032705522
61, 61.0, -3.3592573167595674e-13, 4.796163466380676e-13, 2.342231200080723e-15, 2.7430234973157917e-30, 2.7430234973157917e-30, -295.61770472121725
62, 62.0, 2.0622392682412283e-14, -8.770761894538737e-15, 8.964011103592447e-17, 4.0176747532664335e-33, 4.0176747532664335e-33, -323.96025224028534
63, 63.0, 1.1296519275560968e-14, 1.042499420123022e-13, 4.1944080406773e-16, 8.796529405849194e-32, 8.796529405849194e-32, -310.55688641166614
64, 64.0, -1.353639422774222e-13, 1.5981660439479128e-13, 8.377564697134032e-16, 3.509179512733321e-31, 3.509179512733321e-31, -304.54794414801006
65, 65.0, 1.6023293802902572e-13, -1.7746915048633127e-13, 9.564090656513347e-16, 4.573591504300295e-31, 4.573591504300295e-31, -303.39742627519104
66, 66.0, -3.449185381754205e-13, 6.117328865684613e-14, 1.4012050198149465e-15, 9.816877537773024e-31, 9.816877537773024e-31, -300.080266266484
67, 67.0, 3.416433802527763e-13, 2.786937347565299e-13, 1.763589054459507e-15, 1.5551231765046888e-30, 1.5551231765046888e-30, -298.0823520614991
68, 68.0, 1.5654144647214707e-14, 4.524158825347513e-15, 6.517916939794684e-17, 2.1241620617031246e-33, 2.1241620617031246e-33, -326.7281235208284
69, 69.0, -5.42343947529389e-14, 1.9068080447937064e-14, 2.2995517010710086e-16, 2.6439690129492844e-32, 2.6439690129492844e-32, -315.77743639044184
70, 70.0, -2.1846413567061518e-13, 4.676811457160681, 0.01870724582864272, 0.00017498052324663524, 0.00017498052324663524, -37.570102891265755
71, 71.0, -3.83026943495679e-14, -7.044365091246618e-14, 3.2073426629068043e-16, 5.143523478651056e-32, 5.143523478651056e-32, -312.88739273400034
72, 72.0, -5.316302953417562e-13, -4.524158825347513e-14, 2.1342073834859062e-15, 2.277420577862879e-30, 2.277420577862879e-30, -296.4255675955686
73, 73.0, 8.756884106730922e-14, 3.052558206206868e-13, 1.2702718949811055e-15, 8.067953435894443e-31, 8.067953435894443e-31, -300.93236616977924
74, 74.0, -1.7513768213461844e-14, 2.3744894939170536e-13, 9.52375855588618e-16, 4.535098851540762e-31, 4.535098851540762e-31, -303.43413242184744
75, 75.0, 2.003397447936095e-13, -3.377853552422039e-14, 8.12669702214912e-16, 3.3021602244903686e-31, 3.3021602244903686e-31, -304.81201858110217
76, 76.0, 1.7488788195407778e-13, -1.2820300376858995e-13, 8.673802527581318e-16, 3.7617425143738033e-31, 3.7617425143738033e-31, -304.2461093457343
77, 77.0, 1.942890293094024e-16, -5.909162048567396e-14, 2.3636775955615717e-16, 2.7934858878798665e-32, 2.7934858878798665e-32, -315.53853518265294
78, 78.0, 4.568567746332519e-14, 2.5826563110342704e-13, 1.0491010806173784e-15, 5.503065386762755e-31, 5.503065386762755e-31, -302.5939532692325
79, 79.0, 1.6525669721545455e-13, 6.661338147750939e-16, 6.610321590823806e-16, 2.184817576705569e-31, 2.184817576705569e-31, -306.6058481898535
80, 80.0, -0.15929549807058913, 7.338296637016128e-13, 0.0006371819922823566, 2.0300044564445655e-07, 2.0300044564445655e-07, -66.92503008684245
81, 81.0, 2.6650903706126883e-13, 1.1823875212257917e-13, 1.1662416170851013e-15, 6.80059754710636e-31, 6.80059754710636e-31, -301.67452925527675
82, 82.0, -1.3922196728799463e-13, -4.6351811278100286e-15, 5.571964261138373e-16, 1.5523392863701648e-31, 1.5523392863701648e-31, -308.0901335131597
83, 83.0, 5.934974733889931e-13, 3.9940273310890007e-13, 2.8615011281045556e-15, 4.0940943530718224e-30, 4.0940943530718224e-30, -293.87842152746725
84, 84.0, -1.070393773616729e-13, 3.0425661989852415e-13, 1.2901442961656628e-15, 8.322361524643968e-31, 8.322361524643968e-31, -300.7975342231528
85, 85.0, 5.332956298786939e-13, -5.95218319077162e-13, 3.19672101056756e-15, 5.109512609702041e-30, 5.109512609702041e-30, -292.9162052472089
86, 86.0, -7.270573032513994e-14, -1.6497914145929826e-13, 7.211572958933064e-16, 2.60033922710073e-31, 2.60033922710073e-31, -305.8496999247228
87, 87.0, -3.9054870448751444e-13, 1.3405943022348765e-13, 1.6516668981787922e-15, 1.3640017712697764e-30, 1.3640017712697764e-30, -298.6518506571166
88, 88.0, -2.2927493237290264e-13, 5.0209836288672705e-14, 9.388335083473268e-16, 4.407041781978751e-31, 4.407041781978751e-31, -303.55852832041296
89, 89.0, -1.2342904476270178e-13, -2.979561042337764e-13, 1.2900391878773422e-15, 8.321005531296164e-31, 8.321005531296164e-31, -300.7982418929744
90, 90.0, -3.412409244063497e-13, 6.91663890795703, 0.02766655563182812, 0.0003827191502645201, 0.0003827191502645201, -34.171198062726845
91, 91.0, 3.4516833835596117e-13, -3.2529534621517087e-14, 1.3867911302058882e-15, 9.615948194088624e-31, 9.615948194088624e-31, -300.17007885096126
92, 92.0, 3.1577518377901015e-13, -3.011479954295737e-14, 1.2688317010048586e-15, 8.049669427374414e-31, 8.049669427374414e-31, -300.94221954267533
93, 93.0, 5.463268726302317e-13, -1.0638712133470563e-13, 2.2263558434134103e-15, 2.4783301707505188e-30, 2.4783301707505188e-30, -296.05840836062015
94, 94.0, 3.624878175401136e-13, -4.1264214267755506e-13, 2.1969832253470427e-15, 2.4133676462281473e-30, 2.4133676462281473e-30, -296.1737651374561
95, 95.0, 4.791306240647941e-13, -2.69562150378988e-13, 2.199017627336946e-15, 2.4178392626693058e-30, 2.4178392626693058e-30, -296.1657257430076
96, 96.0, 1.2545520178264269e-14, 1.8016144132104728e-13, 7.223908639003725e-16, 2.6092428012336325e-31, 2.6092428012336325e-31, -305.83485506055143
97, 97.0, -4.0074887852625807e-13, 1.2523315717771766e-13, 1.679442799486794e-15, 1.4102640583740197e-30, 1.4102640583740197e-30, -298.50699562268176
98, 98.0, 1.137423488728473e-13, 1.4432899320127035e-13, 7.350448171980248e-16, 2.7014544164483883e-31, 2.7014544164483883e-31, -305.6840235622101
99, 99.0, -5.457301277544957e-13, 1.3515299990274343e-12, 5.830203715974301e-15, 1.6995637684880273e-29, 1.6995637684880273e-29, -287.6966253582766
100, 100.0, -0.07812500000012468, -3.316791286067655e-13, 0.0003125000000004987, 4.8828125000155837e-08, 4.8828125000155837e-08, -73.11329952302407
101, 101.0, 1.7975898547462066e-13, -6.902256544094598e-13, 2.852997712901521e-15, 4.0697979749106555e-30, 4.0697979749106555e-30, -293.9042714865172
102, 102.0, -1.127015147872612e-13, -2.1371793224034263e-14, 4.588400153596742e-16, 1.0526707984763302e-31, 1.0526707984763302e-31, -309.77707424406526
103, 103.0, 1.1050882431362652e-13, -4.643507800494717e-13, 1.9092777574097817e-15, 1.8226707774698626e-30, 1.8226707774698626e-30, -297.3929176932655
104, 104.0, -6.061956492331433e-13, -3.398947789889917e-13, 2.7799327356845673e-15, 3.864013007465341e-30, 3.864013007465341e-30, -294.12961420284256
105, 105.0, -4.4035608492976053e-13, 4.676259379721159e-13, 2.569318974044189e-15, 3.3006999951917415e-30, 3.3006999951917415e-30, -294.81393947452096
106, 106.0, 1.7918999617450027e-13, 2.556288514199423e-13, 1.2487123890298925e-15, 7.796413152583707e-31, 7.796413152583707e-31, -301.08105154529665
107, 107.0, 1.3510026430907374e-13, -1.388056336537602e-13, 7.747937568194877e-16, 3.0015268280322773e-31, 3.0015268280322773e-31, -305.22657770510904
108, 108.0, 1.3139489496438728e-13, 7.299716386910404e-15, 5.263900345870039e-16, 1.3854323425625355e-31, 1.3854323425625355e-31, -308.584146780876
109, 109.0, 7.251074740644015e-13, -1.2936041127176168e-12, 5.931869788704387e-15, 1.7593539595071913e-29, 1.7593539595071913e-29, -287.5464677725872
110, 110.0, 2.433608869978343e-13, 2.736994287642907, 0.010947977150571627, 5.9929101844719224e-05, 5.9929101844719224e-05, -42.223622310104275
111, 111.0, -1.064634491676486e-13, 2.1238566461079245e-13, 9.50302154397983e-16, 4.5153709232672404e-31, 4.5153709232672404e-31, -303.4530656798359
112, 112.0, -1.1434603264248722e-13, 3.2682190287403046e-13, 1.384991387001545e-15, 9.591005710342317e-31, 9.591005710342317e-31, -300.1813585043609
113, 113.0, -1.8865464745942973e-13, 7.807643420676413e-14, 8.166909387177979e-16, 3.3349204469187898e-31, 3.3349204469187898e-31, -304.7691452153042
114, 114.0, 3.364600265065576e-13, -3.3970048995968227e-13, 1.9124927077116572e-15, 1.8288141785251334e-30, 1.8288141785251334e-30, -297.37830419915025
115, 115.0, -2.603472992745992e-13, 2.0530799282880707e-13, 1.3262403291046233e-15, 8.794567052717697e-31, 8.794567052717697e-31, -300.5578553554066
116, 116.0, -3.6712299866792364e-13, 1.2712053631958042e-14, 1.4693720697411941e-15, 1.0795271396677604e-30, 1.0795271396677604e-30, -299.6676643488622
117, 117.0, -3.1834951341735973e-13, -1.886268918838141e-13, 1.480143328383128e-15, 1.0954121362785421e-30, 1.0954121362785421e-30, -299.6042245174975
118, 118.0, 1.7399970353437766e-13, -1.2578826869003024e-13, 8.588232448655458e-16, 3.687886829606926e-31, 3.687886829606926e-31, -304.3322241463341
119, 119.0, 1.9833787390233226e-13, -2.7783331191244542e-14, 8.010975043394389e-16, 3.2087860572943868e-31, 3.2087860572943868e-31, -304.93659238103595
120, 120.0, 0.0549808851185548, -7.888134589961737e-14, 0.0002199235404742192, 2.4183181827357762e-08, 2.4183181827357762e-08, -76.16486558762529
121, 121.0, -1.0157794744225512e-12, -5.898059818321144e-14, 4.06996147720384e-15, 8.282293212961632e-30, 8.282293212961632e-30, -290.81849398499526
122, 122.0, -4.4565566514886967e-13, 1.7866264023780332e-13, 1.920538719822224e-15, 1.8442344871681936e-30, 1.8442344871681936e-30, -297.3418386093483
123, 123.0, -2.3854095781983276e-13, -2.48995268847807e-13, 1.3792776803309473e-15, 9.512034597295593e-31, 9.512034597295593e-31, -300.2172657876497
124, 124.0, 1.156930454215832e-14, -8.667511153248597e-13, 3.4673132993128325e-15, 6.01113075779582e-30, 6.01113075779582e-30, -292.21043824889216
125, 125.0, 7.802687417091654e-14, 3.704259121661835e-13, 1.5142182114716921e-15, 1.146428395976265e-30, 1.146428395976265e-30, -299.4065306540287
126, 126.0, 2.2836116678193186e-13, -2.384759056894836e-13, 1.3207245289668836e-15, 8.721566407073983e-31, 8.721566407073983e-31, -300.59405508088633
127, 127.0, 1.4108159085424177e-13, -1.774969060619469e-13, 9.069435875689492e-16, 4.112733355162182e-31, 4.112733355162182e-31, -303.8586944661423
128, 128.0, 3.776493007201509e-14, -2.4341639814906557e-14, 1.7972002102037865e-16, 1.614964297778267e-32, 1.614964297778267e-32, -317.9183707423026
129, 129.0, 5.036335931629665e-13, 3.9929171080643755e-13, 2.570854072812293e-15, 3.304645331847778e-30, 3.304645331847778e-30, -294.8087514395042
130, 130.0, -8.590801681140903e-13, -1.3437065373336121, 0.0053748261493344485, 1.4444378067784687e-05, 1.4444378067784687e-05, -48.403011528536396
131, 131.0, 8.124195760572661e-13, -1.5568102362806258e-13, 3.308805581907645e-15, 5.4740971894315945e-30, 5.4740971894315945e-30, -292.6168749620994
132, 132.0, -9.814024592991188e-14, -3.643751966819764e-13, 1.5094411778043557e-15, 1.1392063346257002e-30, 1.1392063346257002e-30, -299.4339760877978
133, 133.0, 4.598162128832683e-13, 3.443356710874923e-13, 2.2978181094719743e-15, 2.6399840321086788e-30, 2.6399840321086788e-30, -295.7839869994383
134, 134.0, 3.596255238047519e-13, -2.152167333235866e-13, 1.6764188482563322e-15, 1.4051900773945436e-30, 1.4051900773945436e-30, -298.5226492559508
135, 135.0, -3.348016308635238e-14, 3.152478278423132e-13, 1.2680827372349834e-15, 8.04016914236684e-31, 8.04016914236684e-31, -300.9473481483067
136, 136.0, 2.756128658631951e-14, -1.406375016443917e-13, 5.732508196183519e-16, 1.6430825109655612e-31, 1.6430825109655612e-31, -307.8434062697438
137, 137.0, -6.941253127834557e-13, -1.1058098881022715e-12, 5.222452233916918e-15, 1.3637003667771905e-29, 1.3637003667771905e-29, -288.6528104269291
138, 138.0, 4.40619762898109e-14, 2.4943935805765705e-13, 1.0132044303320422e-15, 5.13291608822239e-31, 5.13291608822239e-31, -302.896358354314
139, 139.0, -2.2468138460851605e-13, 2.462197112862441e-13, 1.3333018911888262e-15, 8.888469665238504e-31, 8.888469665238504e-31, -300.5117300541368
140, 140.0, 0.10119337842576018, -2.703948176474569e-13, 0.0004047735137030407, 8.192079869775284e-08, 8.192079869775284e-08, -70.8660582213563
141, 141.0, 1.3097856133015284e-13, 7.55506768257419e-14, 6.0482444787815e-16, 1.8290630637555448e-31, 1.8290630637555448e-31, -307.37771320347053
142, 142.0, -2.0930479571745764e-13, -2.5282553828276377e-13, 1.3128853739351103e-15, 8.618340025463672e-31, 8.618340025463672e-31, -300.6457637538232
143, 143.0, 2.361583151255786e-13, 2.280675648336228e-13, 1.313228473234362e-15, 8.622845114567267e-31, 8.622845114567267e-31, -300.6434941472192
144, 144.0, 7.030487303438804e-14, 1.9059753775252375e-13, 8.126026981959254e-16, 3.3016157255764916e-31, 3.3016157255764916e-31, -304.81273475583623
145, 145.0, -9.509754095304856e-14, -1.2778667013435552e-13, 6.371558724123112e-16, 2.029838028747467e-31, 2.029838028747467e-31, -306.9253861530238
146, 146.0, 1.6631140908884845e-13, 6.326328350070298e-13, 2.6165130650456157e-15, 3.4230703097772014e-30, 3.4230703097772014e-30, -294.65584180372883
147, 147.0, 4.4210468619354515e-13, -4.602707104339743e-13, 2.5528201830530514e-15, 3.258445443501507e-30, 3.258445443501507e-30, -294.8698954604619
148, 148.0, 3.0329905253978495e-13, -2.5576762929802044e-13, 1.5869840350464062e-15, 1.2592591637460865e-30, 1.2592591637460865e-30, -298.998848800574
149, 149.0, -4.885120086228767e-13, -4.4755865680201623e-13, 2.6501403248799717e-15, 3.511621870777461e-30, 3.511621870777461e-30, -294.54492254803523
150, 150.0, 2.938344012548555e-13, -2.570813750998746, 0.010283255003994985, 5.2872666738593946e-05, 5.2872666738593946e-05, -42.76768784532496
151, 151.0, 8.797129691373584e-14, -4.4947379151949463e-13, 1.8320071543248724e-15, 1.6781251067487584e-30, 1.6781251067487584e-30, -297.75175664994043
152, 152.0, 3.285149929865838e-13, 1.3233858453531866e-13, 1.4166755539574298e-15, 1.0034848125902953e-30, 1.0034848125902953e-30, -299.9848919602965
153, 153.0, -5.433709038271672e-13, 2.7766677845875165e-13, 2.440822087692961e-15, 2.9788062318849122e-30, 2.9788062318849122e-30, -295.25957746251254
154, 154.0, -8.477940571793852e-14, 1.3597456494096605e-13, 6.409571585654919e-16, 2.054130395581746e-31, 2.054130395581746e-31, -306.8737199098015
155, 155.0, 5.43315392675936e-13, 2.613742555723775e-13, 2.4116653744485236e-15, 2.9080649391569686e-30, 2.9080649391569686e-30, -295.3639589960027
156, 156.0, 2.106093077713922e-13, -4.72483163704851e-13, 2.0691896790946544e-15, 2.1407729640359195e-30, 2.1407729640359195e-30, -296.69429388611525
157, 157.0, 5.487416077087914e-13, 2.1821433549007452e-13, 2.3621510476485758e-15, 2.789878785953632e-30, 2.789878785953632e-30, -295.54414665448644
158, 158.0, 3.529537773161451e-13, 4.09505762632989e-13, 2.162485009617818e-15, 2.3381707084108872e-30, 2.3381707084108872e-30, -296.31123784442605
159, 159.0, -1.2202738819411252e-13, -3.174405183159479e-13, 1.3603479915855312e-15, 9.252733291053943e-31, 9.252733291053943e-31, -300.3372995613935
160, 160.0, 0.03406227581732274, 9.492406860545088e-14, 0.00013624910326929095, 9.281909070842955e-09, 9.281909070842955e-09, -80.32362690412202
161, 161.0, 2.417094302487044e-13, 4.164169009612806e-13, 1.9259345121882012e-15, 1.8546118726188022e-30, 1.8546118726188022e-30, -297.3174696433288
162, 162.0, 3.6673442060930483e-13, 1.4349632593280148e-13, 1.5752349961366672e-15, 1.2406826465268429e-30, 1.2406826465268429e-30, -299.06339292222276
163, 163.0, 1.4518941604535485e-13, 7.347455976969286e-13, 2.9958132381484877e-15, 4.487448478932864e-30, 4.487448478932864e-30, -293.480005245849
164, 164.0, 1.1755874051999626e-13, 6.853684286767248e-13, 2.7815102099383368e-15, 3.868399523995605e-30, 3.868399523995605e-30, -294.1246867882214
165, 165.0, -2.1718737919229625e-14, 2.2676305277968822e-13, 9.11203034962179e-16, 4.15145485462143e-31, 4.15145485462143e-31, -303.81799680490434
166, 166.0, -1.6701917626704699e-13, 4.471423231677818e-14, 6.916041389419438e-16, 2.3915814250081378e-31, 2.3915814250081378e-31, -306.21314828327564
167, 167.0, 5.294098492925059e-13, 1.3619660954589108e-13, 2.1865929844567223e-15, 2.390594439837678e-30, 2.390594439837678e-30, -296.21494094934
168, 168.0, 3.601563491884008e-13, 1.939004512507836e-13, 1.6361417095397319e-15, 1.3384798468477982e-30, 1.3384798468477982e-30, -298.73388163489886
169, 169.0, -8.531231276975859e-13, 1.4457046670912632e-12, 6.714618149038079e-15, 2.2543048443695782e-29, 2.2543048443695782e-29, -286.46987355692045
170, 170.0, -1.0856870957809406e-12, -1.313777220794605, 0.00525510888317842, 1.3808084687030369e-05, 1.3808084687030369e-05, -48.59866558028258
171, 171.0, -9.924838728636587e-13, -1.09934283898383e-12, 5.9242942742837805e-15, 1.7548631324155792e-29, 1.7548631324155792e-29, -287.5575674994152
172, 172.0, -3.7844727351910024e-13, -8.567313525276177e-13, 3.746381612677153e-15, 7.017687593902732e-30, 7.017687593902732e-30, -291.53805969159095
173, 173.0, -1.3059830994421873e-12, -6.326328350070298e-13, 5.804572211569295e-15, 1.6846529279661228e-29, 1.6846529279661228e-29, -287.7348955888458
174, 174.0, -8.043843369165415e-13, 2.226663298188214e-12, 9.470006213282084e-15, 4.484050883980064e-29, 4.484050883980064e-29, -283.4832946777502
175, 175.0, 3.78391762367869e-13, -5.266065361553274e-13, 2.5938227225448506e-15, 3.3639581579949905e-30, 3.3639581579949905e-30, -294.73149414736463
176, 176.0, -4.274636200563009e-13, -7.271683255538619e-13, 3.3740158153996727e-15, 5.6919913612835595e-30, 5.6919913612835595e-30, -292.44735767714553
177, 177.0, 4.649891582886312e-13, -1.117522741012067e-12, 4.841606335100107e-15, 1.1720575952040746e-29, 1.1720575952040746e-29, -289.31051046453825
178, 178.0, -8.39800451402084e-13, -2.204902926905561e-13, 3.473052299855932e-15, 6.03104613876729e-30, 6.03104613876729e-30, -292.1960734907251
179, 179.0, -1.0982881271104361e-13, -2.579603197716551e-13, 1.1214697119634542e-15, 6.288471574256964e-31, 6.288471574256964e-31, -302.01454897881763
180, 180.0, -0.059105485964413174, -1.517674874662589e-13, 0.00023642194385765269, 2.794766776871554e-08, 2.794766776871554e-08, -75.53654428115246
181, 181.0, 5.794531521274848e-13, 1.3337109194822006e-12, 5.816598005372604e-15, 1.6916406178052276e-29, 1.6916406178052276e-29, -287.7169189560075
182, 182.0, -4.942712905631197e-13, 4.6629367034256575e-15, 1.9771731402328204e-15, 1.9546068132290562e-30, 1.9546068132290562e-30, -297.08940591730345
183, 183.0, 2.5623947408348613e-13, -1.310784814023691e-12, 5.3423822353009586e-15, 1.4270523974029634e-29, 1.4270523974029634e-29, -288.4556008050469
184, 184.0, 7.810418978237976e-13, 1.5653311979946238e-12, 6.997471778374225e-15, 2.4482305644571868e-29, 2.4482305644571868e-29, -286.11147684501856
185, 185.0, -5.313249840099843e-13, -8.873457524316564e-14, 2.1547345580439186e-15, 2.3214405078143606e-30, 2.3214405078143606e-30, -296.34242441637696
186, 186.0, -9.96425164601078e-14, 4.1136538619923613e-13, 1.6930451242626677e-15, 1.433200896394796e-30, 1.433200896394796e-30, -298.4369292887657
187, 187.0, 1.5409895581797173e-13, -3.704259121661835e-13, 1.604802016889751e-15, 1.2876947567067064e-30, 1.2876947567067064e-30, -298.9018707268176
188, 188.0, -3.504974088741619e-13, -1.1853296122410484e-12, 4.9442568271205585e-15, 1.2222837786264126e-29, 1.2222837786264126e-29, -289.1282795188098
189, 189.0, 1.1795009413617663e-12, -2.5973667661105537e-13, 4.8310423088194934e-15, 1.166948489480199e-29, 1.166948489480199e-29, -289.3294831381602
190, 190.0, 9.098000131047002e-13, 0.6272921506524638, 0.0025091686026098552, 3.147963538161547e-06, 3.147963538161547e-06, -55.01970306575663
191, 191.0, -2.220446049250313e-16, 5.678790770957676e-13, 2.271516482024983e-15, 2.579893564055578e-30, 2.579893564055578e-30, -295.88398210896014
192, 192.0, -3.27110560860433e-12, 5.590805596256132e-13, 1.3274157133193201e-14, 8.810162379835197e-29, 8.810162379835197e-29, -280.55016087045783
193, 193.0, -8.839595722065496e-13, -1.030009411095989e-13, 3.5597611586510674e-15, 6.335949753320395e-30, 6.335949753320395e-30, -291.98188275538234
194, 194.0, -6.579181643928678e-13, 4.399536290833339e-13, 3.16585661527916e-15, 5.01132405425341e-30, 5.01132405425341e-30, -293.00047512958236
195, 195.0, -1.2943535132592388e-12, 1.0179357357031904e-12, 6.58670683034626e-15, 2.169235343446504e-29, 2.169235343446504e-29, -286.6369332819991
196, 196.0, 1.537936444861998e-13, 1.990074771640593e-14, 6.203034721040294e-16, 1.9238819875215718e-31, 1.9238819875215718e-31, -307.15821571456246
197, 197.0, -1.0474676681582196e-12, 2.7422508708241367e-14, 4.1913062590475e-15, 8.783524078565374e-30, 8.783524078565374e-30, -290.563312038198
198, 198.0, 1.7957857423311907e-14, -5.593026042305382e-13, 2.2383632868408043e-15, 2.5051351019383842e-30, 2.5051351019383842e-30, -296.01168847663337
199, 199.0, -1.6650569811815785e-13, -1.252081771596636e-12, 5.0524178928831846e-15, 1.276346328216308e-29, 1.276346328216308e-29, -288.94031466660897
200, 200.0, -0.07812500000059944, -5.3643200992326e-13, 0.0003125000000023978, 4.88281250007493e-08, 4.88281250007493e-08, -73.11329952297129
201, 201.0, 3.284039706841213e-13, 6.621925230376746e-13, 2.956614565419303e-15, 4.3707848442247866e-30, 4.3707848442247866e-30, -293.59440571516694
202, 202.0, 1.851852005074761e-13, 2.588762537669709e-13, 1.2731722475857868e-15, 8.10483786011322e-31, 8.10483786011322e-31, -300.91255668929284
203, 203.0, 5.14893683245532e-13, -1.415284556216534e-12, 6.024145921355069e-15, 1.8145167040889455e-29, 1.8145167040889455e-29, -287.4123902941423
204, 204.0, -3.0206392942488947e-13, -1.2251588632494759e-12, 5.047386424926631e-15, 1.273805486126682e-29, 1.273805486126682e-29, -288.94896884992346
205, 205.0, -2.8227420401094605e-13, 1.5165646516379638e-13, 1.2817388793415982e-15, 8.214272774079279e-31, 8.214272774079279e-31, -300.85430879482067
206, 206.0, 5.3790305543088834e-14, 1.740274591099933e-14, 2.2614163829464603e-16, 2.5570020285293257e-32, 2.5570020285293257e-32, -315.9226892743759
207, 207.0, -5.255518242819335e-13, 5.559164240054315e-13, 3.0600595823873885e-15, 4.681982323880439e-30, 4.681982323880439e-30, -293.2957023024975
208, 208.0, 4.0570324877364783e-13, -1.0689504836847163e-12, 4.573401819451742e-15, 1.0458002101082251e-29, 1.0458002101082251e-29, -289.805512752537
209, 209.0, 1.3480605520754807e-12, -1.8789136912999993e-13, 5.4443665103012246e-15, 1.4820563349244768e-29, 1.4820563349244768e-29, -288.29135287934395
210, 210.0, 2.2457036230605354e-13, 1.6833150937951045, 0.006733260375180418, 2.2668397639987368e-05, 2.2668397639987368e-05, -46.44579177743192
211, 211.0, -1.532413085314488e-12, -1.1046719095020308e-12, 7.556284686734275e-15, 2.854871913348745e-29, 2.854871913348745e-29, -285.444133720324
212, 212.0, -2.907674101493285e-13, -9.27091736713237e-13, 3.886478663442091e-15, 7.55235820069531e-30, 7.55235820069531e-30, -291.2191742007437
213, 213.0, 1.185440634543511e-13, 9.17516063125845e-13, 3.7005695152486326e-15, 6.84710736859375e-30, 6.84710736859375e-30, -291.644928619644
214, 214.0, 5.209443987297391e-13, -3.382016888764383e-13, 2.484394329173256e-15, 3.086107591414117e-30, 3.086107591414117e-30, -295.10588937137766
215, 215.0, 1.628669421549489e-12, 4.173050793809807e-13, 6.725126156696261e-15, 2.2613660911740112e-29, 2.2613660911740112e-29, -286.4562912429482
216, 216.0, 1.420447093281041e-12, 2.8581165212315796e-12, 1.2766518707147983e-14, 8.149199994997971e-29, 8.149199994997971e-29, -280.88885023752204
217, 217.0, -5.063116592651795e-12, 2.51655640770565e-12, 2.2616173251529635e-14, 2.5574564627160225e-28, 2.5574564627160225e-28, -275.9219175083697
218, 218.0, -1.6276424652517107e-12, -1.4629408795485688e-12, 8.753893772940137e-15, 3.831532809396005e-29, 3.831532809396005e-29, -284.1662745122993
219, 219.0, 6.592226764468023e-13, -1.3529871667472548e-12, 6.020164530010055e-15, 1.8121190484195593e-29, 1.8121190484195593e-29, -287.4181327444433
220, 220.0, -0.009968223517262065, 3.7575498268438423e-13, 3.987289406904826e-05, 7.94923840720772e-10, 7.94923840720772e-10, -90.99674477807807
221, 221.0, -4.718725410413072e-13, -6.275258090937541e-13, 3.1405791467627132e-15, 4.931618688540406e-30, 4.931618688540406e-30, -293.0701051031328
222, 222.0, 8.325007350151736e-13, 5.82728310050129e-14, 3.3381508573080235e-15, 5.571625573073146e-30, 5.571625573073146e-30, -292.54018076923603
223, 223.0, -4.4489412154291585e-13, -4.7906123512575505e-14, 1.789863798409007e-15, 1.6018062084275594e-30, 1.6018062084275594e-30, -297.9539002739128
224, 224.0, -7.638334409421077e-13, -1.5219769888830115e-13, 3.1153957438459833e-15, 4.852845320386834e-30, 4.852845320386834e-30, -293.14003551168344
225, 225.0, 5.26856336335868e-13, -5.054429097484103e-13, 2.9204112974776494e-15, 4.264401073217544e-30, 4.264401073217544e-30, -293.7014195602327
226, 226.0, 1.1329825966299722e-13, -6.302597332918936e-13, 2.561449049430678e-15, 3.2805106164146616e-30, 3.2805106164146616e-30, -294.84058552437136
227, 227.0, -1.3865020243031267e-12, 5.031391969723131e-13, 5.899880561403409e-15, 1.74042953194129e-29, 1.74042953194129e-29, -287.5934355612494
228, 228.0, 1.2043976926889854e-12, -1.8317292127534301e-13, 4.872988604531054e-15, 1.1873008969944756e-29, 1.1873008969944756e-29, -289.2543920409165
229, 229.0, -1.2073675392798577e-13, 1.2048695374744511e-13, 6.822840437519373e-16, 2.3275575817924774e-31, 2.3275575817924774e-31, -306.3309956613807
230, 230.0, -3.377853552422039e-13, 1.3243376333418386, 0.005297350533367355, 1.4030961336683699e-05, 1.4030961336683699e-05, -48.52912572099655
231, 231.0, -3.4553471195408747e-12, -2.7394822521564777e-12, 1.763822518345868e-14, 1.55553493811198e-28, 1.55553493811198e-28, -278.08120229969074
232, 232.0, -5.397626789971355e-13, -4.5084769251246826e-13, 2.8131331756089523e-15, 3.9568591318558546e-30, 3.9568591318558546e-30, -294.0264941077685
233, 233.0, -1.0794143356918084e-12, -7.652906086619282e-14, 4.3284953602914716e-15, 9.367936042032398e-30, 9.367936042032398e-30, -290.2835608299624
234, 234.0, -3.6801117708762376e-13, -1.218261602708992e-13, 1.5506067962589054e-15, 1.2021907183021532e-30, 1.2021907183021532e-30, -299.20026629391623
235, 235.0, -2.2704338409340608e-12, 8.014144903256692e-13, 9.630896125584615e-15, 4.637708009090037e-29, 4.637708009090037e-29, -283.3369659809408
236, 236.0, -1.3307410728913283e-12, -3.329808651031385e-12, 1.4343498851013117e-14, 1.028679796445073e-28, 1.028679796445073e-28, -279.8771978974504
237, 237.0, 3.181288565912155e-12, -1.2543438510093097e-12, 1.367858205292831e-14, 9.355180348934623e-29, 9.355180348934623e-29, -280.28947835765024
238, 238.0, 1.5176193635113577e-12, 1.618129241709454e-12, 8.873791320854764e-15, 3.937208620303867e-29, 3.937208620303867e-29, -284.0481157270117
239, 239.0, -3.164080109030465e-12, 3.1890809437662426e-12, 1.7969592183354737e-14, 1.6145312161804185e-28, 1.6145312161804185e-28, -277.9195355369182
240, 240.0, 0.0660935396843452, 3.3498204210502536e-13, 0.00026437415873738077, 3.49468479040489e-08, 3.49468479040489e-08, -74.56591990150434
241, 241.0, 9.403866574331232e-13, 5.139569325685045e-13, 4.286684115282522e-15, 9.18783035210775e-30, 9.18783035210775e-30, -290.3678703239557
242, 242.0, -6.862010959451936e-13, -2.9483186725354216e-12, 1.2108479632982775e-14, 7.330763951117934e-29, 7.330763951117934e-29, -281.3485076444936
243, 243.0, -2.6548208076349056e-13, -4.461847558090426e-13, 2.0767727714813194e-15, 2.1564925721831003e-30, 2.1564925721831003e-30, -296.6625203339813
244, 244.0, -4.403422071419527e-13, -6.298121746350915e-13, 3.0739281311292352e-15, 4.724517077673836e-30, 4.724517077673836e-30, -293.2564257683091
245, 245.0, 8.520961713998076e-14, -2.3008331351270783e-13, 9.814194618826682e-16, 4.81592080081033e-31, 4.81592080081033e-31, -303.17320663787996
246, 246.0, -6.214473380339314e-14, 3.211042542972109e-13, 1.3082501905507981e-15, 8.557592805380999e-31, 8.557592805380999e-31, -300.67648382327826
247, 247.0, -4.82280881897168e-13, 2.4643481699726522e-14, 1.9316403401618836e-15, 1.8656172018703587e-30, 1.8656172018703587e-30, -297.29177462502696
248, 248.0, 2.0965451597021456e-12, 3.299582829185965e-13, 8.489404290183931e-15, 3.6034992601096666e-29, 3.6034992601096666e-29, -284.4327556277627
249, 249.0, -3.388678226912134e-13, -1.0627119843842348e-12, 4.461727312168437e-15, 9.953505304074894e-30, 9.953505304074894e-30, -290.02023947784215
250, 250.0, 0.0, -1.3300536397291696e-12, -1.0, -1.0, -1.0, -1.0
251, 251.0, -1.5717704915374497e-12, 1.2306692123709162e-13, -1.0, -1.0, -1.0, -1.0
252, 252.0, 4.680977827575816e-13, -8.69421722116126e-13, -1.0, -1.0, -1.0, -1.0
253, 253.0, -5.202227537637327e-13, 2.8133051444001467e-12, -1.0, -1.0, -1.0, -1.0
254, 254.0, 5.432598815247047e-13, -8.125410067005845e-13, -1.0, -1.0, -1.0, -1.0
255, 255.0, -1.2899403767363538e-12, -9.596559658042736e-13, -1.0, -1.0, -1.0, -1.0
256, 256.0, -1.5787371410169726e-13, -1.2588159681303779e-12, -1.0, -1.0, -1.0, -1.0
257, 257.0, 1.2268797089376449e-12, 1.3136020049486774e-13, -1.0, -1.0, -1.0, -1.0
258, 258.0, 4.3731684939984916e-13, 5.976469319435296e-13, -1.0, -1.0, -1.0, -1.0
259, 259.0, -1.261490911730334e-13, 6.8662089902638e-13, -1.0, -1.0, -1.0, -1.0
260, 260.0, 0.06609353968278886, -8.571615639496599e-14, -1.0, -1.0, -1.0, -1.0
261, 261.0, -2.994743342199513e-12, 3.022651573481028e-13, -1.0, -1.0, -1.0, -1.0
262, 262.0, -1.871613974913089e-12, 4.1070619127836494e-13, -1.0, -1.0, -1.0, -1.0
263, 263.0, -1.8535173396116988e-13, -1.4013373794696804e-12, -1.0, -1.0, -1.0, -1.0
264, 264.0, 4.3018366646663253e-13, -3.043801322100137e-12, -1.0, -1.0, -1.0, -1.0
265, 265.0, 2.8108348981703557e-12, -1.399429183646106e-12, -1.0, -1.0, -1.0, -1.0
266, 266.0, 7.633338405810264e-13, 3.99708044440672e-13, -1.0, -1.0, -1.0, -1.0
267, 267.0, 5.873357356023234e-13, -1.5025133914825517e-12, -1.0, -1.0, -1.0, -1.0
268, 268.0, 2.0322910021519647e-12, -6.522421491794717e-13, -1.0, -1.0, -1.0, -1.0
269, 269.0, -5.778155731661627e-13, -8.435613318980018e-14, -1.0, -1.0, -1.0, -1.0
270, 270.0, -8.993639166732237e-13, -1.324337633343067, -1.0, -1.0, -1.0, -1.0
271, 271.0, 1.1242673458866648e-12, 1.929428838920444e-13, -1.0, -1.0, -1.0, -1.0
272, 272.0, 3.0870028755458634e-12, 3.110151025609298e-13, -1.0, -1.0, -1.0, -1.0
273, 273.0, -8.076872504148014e-14, -9.609951723277277e-13, -1.0, -1.0, -1.0, -1.0
274, 274.0, 1.1925183063254963e-12, -1.5606960168668138e-13, -1.0, -1.0, -1.0, -1.0
275, 275.0, -1.5787648965925882e-12, -3.149841498739647e-13, -1.0, -1.0, -1.0, -1.0
276, 276.0, 2.5415780591231396e-13, -1.6986412276764895e-13, -1.0, -1.0, -1.0, -1.0
277, 277.0, 1.0182410470349623e-12, -4.447692214526455e-13, -1.0, -1.0, -1.0, -1.0
278, 278.0, 2.64177568709556e-13, -3.832212325249884e-13, -1.0, -1.0, -1.0, -1.0
279, 279.0, 4.0839553960836383e-13, -1.0588890875240509e-12, -1.0, -1.0, -1.0, -1.0
280, 280.0, -0.009968223515919222, -8.973100040776671e-13, -1.0, -1.0, -1.0, -1.0
281, 281.0, 1.0238476733093194e-12, -7.91935961252932e-13, -1.0, -1.0, -1.0, -1.0
282, 282.0, 2.157551914905298e-12, -4.3334780208681423e-13, -1.0, -1.0, -1.0, -1.0
283, 283.0, 7.777306576528531e-12, 3.0987157284556588e-12, -1.0, -1.0, -1.0, -1.0
284, 284.0, -1.118188874826842e-12, 4.462319402875892e-12, -1.0, -1.0, -1.0, -1.0
285, 285.0, -3.4638958368304884e-12, 1.5236839567833727e-12, -1.0, -1.0, -1.0, -1.0
286, 286.0, 2.383648833870211e-13, 1.0548784068475925e-12, -1.0, -1.0, -1.0, -1.0
287, 287.0, 6.300515664747763e-14, 8.852085731092529e-13, -1.0, -1.0, -1.0, -1.0
288, 288.0, -4.961864252805981e-13, 6.033923360959648e-13, -1.0, -1.0, -1.0, -1.0
289, 289.0, 1.1462220061986272e-12, 3.015088179125769e-13, -1.0, -1.0, -1.0, -1.0
290, 290.0, 9.568734693488068e-13, -1.6833150937953265, -1.0, -1.0, -1.0, -1.0
291, 291.0, -2.288502720659835e-12, 2.710054403110007e-13, -1.0, -1.0, -1.0, -1.0
292, 292.0, 1.7069679003611782e-13, 3.144984273006912e-13, -1.0, -1.0, -1.0, -1.0
293, 293.0, 1.2867484855405564e-13, 8.235356840913255e-13, -1.0, -1.0, -1.0, -1.0
294, 294.0, 2.2975232827349146e-12, 2.626149298023961e-12, -1.0, -1.0, -1.0, -1.0
295, 295.0, -1.6883716646987068e-13, 2.9504176879413535e-13, -1.0, -1.0, -1.0, -1.0
296, 296.0, -2.1202484212778927e-12, 3.071709553381652e-13, -1.0, -1.0, -1.0, -1.0
297, 297.0, 2.078504035551987e-12, 3.348432642269472e-13, -1.0, -1.0, -1.0, -1.0
298, 298.0, -3.9768188742073107e-13, -4.3365311341858614e-13, -1.0, -1.0, -1.0, -1.0
299, 299.0, 2.032179979849502e-12, -5.613565168260948e-13, -1.0, -1.0, -1.0, -1.0
300, 300.0, -0.07812500000011871, -1.0149658891123181e-12, -1.0, -1.0, -1.0, -1.0
301, 301.0, -4.5285997174460135e-13, -1.184607967275042e-12, -1.0, -1.0, -1.0, -1.0
302, 302.0, -8.158751452214119e-13, 1.890154699424329e-13, -1.0, -1.0, -1.0, -1.0
303, 303.0, 1.7073842339954126e-12, -1.158878548679354e-12, -1.0, -1.0, -1.0, -1.0
304, 304.0, -6.890599202336034e-13, 3.5274561049902786e-13, -1.0, -1.0, -1.0, -1.0
305, 305.0, -8.214540159201533e-13, 2.2220003614847883e-12, -1.0, -1.0, -1.0, -1.0
306, 306.0, 9.578171589197382e-13, 6.049882816938634e-13, -1.0, -1.0, -1.0, -1.0
307, 307.0, -3.2834845953289005e-14, -6.052380818744041e-13, -1.0, -1.0, -1.0, -1.0
308, 308.0, 9.703349235223868e-14, 1.0460521338018225e-12, -1.0, -1.0, -1.0, -1.0
309, 309.0, -7.368272658681008e-13, 1.550204409284106e-12, -1.0, -1.0, -1.0, -1.0
310, 310.0, -7.637501742152608e-13, -0.6272921506535367, -1.0, -1.0, -1.0, -1.0
311, 311.0, -1.6474321906656542e-12, -1.1732836924238654e-12, -1.0, -1.0, -1.0, -1.0
312, 312.0, 4.1472381084872723e-13, -6.996625501187737e-13, -1.0, -1.0, -1.0, -1.0
313, 313.0, -4.829470157119431e-15, 1.5122347818419257e-12, -1.0, -1.0, -1.0, -1.0
314, 314.0, 1.2864709297844001e-13, 1.186550857568136e-13, -1.0, -1.0, -1.0, -1.0
315, 315.0, 1.258881887622465e-12, -1.3452572389383022e-12, -1.0, -1.0, -1.0, -1.0
316, 316.0, 1.3197776205231548e-13, 3.1522007226669757e-13, -1.0, -1.0, -1.0, -1.0
317, 317.0, 8.849587729287123e-13, -1.3511691765444311e-12, -1.0, -1.0, -1.0, -1.0
318, 318.0, 1.0380030168732901e-12, -7.466249840604178e-15, -1.0, -1.0, -1.0, -1.0
319, 319.0, 4.1716630150290257e-13, -8.233136394864005e-13, -1.0, -1.0, -1.0, -1.0
320, 320.0, -0.059105485965077253, -4.409250742298809e-13, -1.0, -1.0, -1.0, -1.0
321, 321.0, 2.517153152581386e-13, 4.174993684102901e-13, -1.0, -1.0, -1.0, -1.0
322, 322.0, 2.2121193765656244e-12, -8.859857292264905e-13, -1.0, -1.0, -1.0, -1.0
323, 323.0, -7.882028363326299e-13, -9.894862706971708e-14, -1.0, -1.0, -1.0, -1.0
324, 324.0, 1.0909884107235257e-12, -2.0816681711721685e-14, -1.0, -1.0, -1.0, -1.0
325, 325.0, 4.496403249731884e-14, 4.657663144058688e-13, -1.0, -1.0, -1.0, -1.0
326, 326.0, 2.5368596112684827e-14, 3.3026359425036844e-13, -1.0, -1.0, -1.0, -1.0
327, 327.0, 7.490674747145931e-13, -3.795574965437254e-13, -1.0, -1.0, -1.0, -1.0
328, 328.0, -1.301514451768071e-12, -5.710432127159493e-13, -1.0, -1.0, -1.0, -1.0
329, 329.0, 1.262545623603728e-12, -1.5781542739290444e-12, -1.0, -1.0, -1.0, -1.0
330, 330.0, 1.5789591856218976e-12, 1.3137772207955782, -1.0, -1.0, -1.0, -1.0
331, 331.0, 1.6497914145929826e-13, 1.9387269567516796e-12, -1.0, -1.0, -1.0, -1.0
332, 332.0, 9.581779814027414e-13, -2.3830937223578985e-13, -1.0, -1.0, -1.0, -1.0
333, 333.0, -1.428523965785189e-12, 1.3944401189291966e-12, -1.0, -1.0, -1.0, -1.0
334, 334.0, -3.8517800060589025e-13, 3.422262473407045e-14, -1.0, -1.0, -1.0, -1.0
335, 335.0, -3.731459585765151e-13, 9.96425164601078e-13, -1.0, -1.0, -1.0, -1.0
336, 336.0, 2.0201895711835505e-13, 1.1142753386650384e-12, -1.0, -1.0, -1.0, -1.0
337, 337.0, 6.770556337798439e-13, 3.3829605783353145e-12, -1.0, -1.0, -1.0, -1.0
338, 338.0, 1.0452333443211614e-12, -1.3569978474237132e-12, -1.0, -1.0, -1.0, -1.0
339, 339.0, -4.614364446098307e-13, -1.0060285937640856e-12, -1.0, -1.0, -1.0, -1.0
340, 340.0, 0.03406227581692585, -5.550004900101158e-13, -1.0, -1.0, -1.0, -1.0
341, 341.0, -1.0007272788215005e-12, 6.811495811831492e-13, -1.0, -1.0, -1.0, -1.0
342, 342.0, -4.3819115003174147e-13, 1.916716785288486e-12, -1.0, -1.0, -1.0, -1.0
343, 343.0, -1.6737999875005016e-13, 1.8869628082285317e-12, -1.0, -1.0, -1.0, -1.0
344, 344.0, 4.072298054325074e-13, 1.1202982985736298e-12, -1.0, -1.0, -1.0, -1.0
345, 345.0, 8.699846398840805e-13, 2.4266977316500515e-12, -1.0, -1.0, -1.0, -1.0
346, 346.0, -2.6256774532384952e-12, -4.996558722325517e-13, -1.0, -1.0, -1.0, -1.0
347, 347.0, 1.3998247005986286e-12, 9.499345754448996e-13, -1.0, -1.0, -1.0, -1.0
348, 348.0, -1.9539925233402755e-12, 8.19233569870903e-13, -1.0, -1.0, -1.0, -1.0
349, 349.0, -1.295977214432753e-12, -1.2486678357959136e-12, -1.0, -1.0, -1.0, -1.0
350, 350.0, 1.5032836087058854e-12, 2.570813751000136, -1.0, -1.0, -1.0, -1.0
351, 351.0, 4.551914400963142e-14, -1.4725165531359607e-12, -1.0, -1.0, -1.0, -1.0
352, 352.0, -1.2587153541687712e-14, -4.673761377915753e-13, -1.0, -1.0, -1.0, -1.0
353, 353.0, 1.1064205107658154e-12, -2.605499149765933e-12, -1.0, -1.0, -1.0, -1.0
354, 354.0, 5.301870054097435e-13, -8.416600749683312e-13, -1.0, -1.0, -1.0, -1.0
355, 355.0, -1.0901557434550568e-12, -2.462197112862441e-13, -1.0, -1.0, -1.0, -1.0
356, 356.0, 9.652001420334955e-15, -5.698497229644772e-13, -1.0, -1.0, -1.0, -1.0
357, 357.0, -1.5084530846642963e-12, 1.9792778527261135e-12, -1.0, -1.0, -1.0, -1.0
358, 358.0, -1.5894369154167975e-12, -9.094114350460814e-13, -1.0, -1.0, -1.0, -1.0
359, 359.0, 7.283063041541027e-14, -2.588207426157396e-12, -1.0, -1.0, -1.0, -1.0
360, 360.0, 0.10119337842737579, 1.0969281039052703e-12, -1.0, -1.0, -1.0, -1.0
361, 361.0, -3.3659047771195105e-12, 2.176758773231313e-12, -1.0, -1.0, -1.0, -1.0
362, 362.0, 5.429129368295094e-13, 1.1823875212257917e-13, -1.0, -1.0, -1.0, -1.0
363, 363.0, 5.613287612504791e-13, 9.520162436160717e-14, -1.0, -1.0, -1.0, -1.0
364, 364.0, -7.826864156790236e-13, -3.2873703759150885e-13, -1.0, -1.0, -1.0, -1.0
365, 365.0, 1.2403411631112249e-12, -2.6570134981085403e-12, -1.0, -1.0, -1.0, -1.0
366, 366.0, -6.130478069632517e-13, 1.0216549828356847e-12, -1.0, -1.0, -1.0, -1.0
367, 367.0, -3.8119854495199945e-13, 1.3907763829479336e-12, -1.0, -1.0, -1.0, -1.0
368, 368.0, 1.5848988788036422e-12, 1.3259116027342088e-12, -1.0, -1.0, -1.0, -1.0
369, 369.0, -3.5510830387330827e-13, 1.2833623053154497e-12, -1.0, -1.0, -1.0, -1.0
370, 370.0, 2.7453248008235676e-12, 1.3437065373325872, -1.0, -1.0, -1.0, -1.0
371, 371.0, -1.5647847600996911e-12, 1.3481715743779432e-12, -1.0, -1.0, -1.0, -1.0
372, 372.0, 2.8788256500877907e-13, 1.7310874955711597e-12, -1.0, -1.0, -1.0, -1.0
373, 373.0, -1.5663026431411708e-12, -2.235267526629059e-12, -1.0, -1.0, -1.0, -1.0
374, 374.0, 4.2373353090208177e-13, -9.023060076884803e-13, -1.0, -1.0, -1.0, -1.0
375, 375.0, 2.565824432203383e-13, 2.5413005033669833e-13, -1.0, -1.0, -1.0, -1.0
376, 376.0, -1.9911806578565283e-13, -1.7211787550763802e-12, -1.0, -1.0, -1.0, -1.0
377, 377.0, 2.0073291986943964e-12, -1.544819827614674e-12, -1.0, -1.0, -1.0, -1.0
378, 378.0, -1.3782343322166213e-12, 9.803824418952445e-13, -1.0, -1.0, -1.0, -1.0
379, 379.0, 1.3780834112742113e-12, 1.0174916464933403e-12, -1.0, -1.0, -1.0, -1.0
380, 380.0, 0.054980885118764256, -1.8388068845354155e-13, -1.0, -1.0, -1.0, -1.0
381, 381.0, 2.1609797284938281e-13, -6.424027976237312e-13, -1.0, -1.0, -1.0, -1.0
382, 382.0, 1.6931629709393548e-12, 1.3173628854445951e-12, -1.0, -1.0, -1.0, -1.0
383, 383.0, 5.105221800860704e-13, 5.502820421554588e-13, -1.0, -1.0, -1.0, -1.0
384, 384.0, 1.7847216760014106e-12, -2.6683655285353325e-12, -1.0, -1.0, -1.0, -1.0
385, 385.0, -5.897990429382105e-13, 1.331129650949947e-12, -1.0, -1.0, -1.0, -1.0
386, 386.0, -1.8183857197762165e-12, -9.717504578787839e-13, -1.0, -1.0, -1.0, -1.0
387, 387.0, 2.003931742766696e-12, 1.4758749777854518e-12, -1.0, -1.0, -1.0, -1.0
388, 388.0, 1.5292211941186906e-12, 1.3051504321737184e-12, -1.0, -1.0, -1.0, -1.0
389, 389.0, 1.2320006126387284e-12, 5.515032874825465e-13, -1.0, -1.0, -1.0, -1.0
390, 390.0, -4.098874017977039e-13, -2.7369942876434843, -1.0, -1.0, -1.0, -1.0
391, 391.0, -2.40092667969094e-13, -4.040379142367101e-13, -1.0, -1.0, -1.0, -1.0
392, 392.0, 1.308397834520747e-13, -1.9878543255913428e-13, -1.0, -1.0, -1.0, -1.0
393, 393.0, -1.3251830188742986e-12, -1.5070167336261875e-12, -1.0, -1.0, -1.0, -1.0
394, 394.0, 6.103659244693915e-13, 4.166306188935209e-12, -1.0, -1.0, -1.0, -1.0
395, 395.0, 9.092171460167719e-13, 1.772582081116525e-12, -1.0, -1.0, -1.0, -1.0
396, 396.0, -1.4589718322355338e-13, -8.198164369588312e-13, -1.0, -1.0, -1.0, -1.0
397, 397.0, -1.4030721029456572e-12, -1.7312540290248535e-12, -1.0, -1.0, -1.0, -1.0
398, 398.0, -3.521516411808534e-12, -2.0300428005270987e-13, -1.0, -1.0, -1.0, -1.0
399, 399.0, 7.36813388080293e-13, 5.233591338082988e-13, -1.0, -1.0, -1.0, -1.0
400, 400.0, -0.07812499999950415, -1.3306300505888657e-12, -1.0, -1.0, -1.0, -1.0
401, 401.0, 1.1329132076909332e-12, 1.1963763313360687e-12, -1.0, -1.0, -1.0, -1.0
402, 402.0, -6.214473380339314e-13, 3.7325698087897763e-13, -1.0, -1.0, -1.0, -1.0
403, 403.0, 4.3895442836117127e-13, -4.747036097541013e-13, -1.0, -1.0, -1.0, -1.0
404, 404.0, 1.7385676231995717e-12, 1.1290135493169373e-12, -1.0, -1.0, -1.0, -1.0
405, 405.0, 1.2161105455987808e-13, 1.1752820938681907e-12, -1.0, -1.0, -1.0, -1.0
406, 406.0, -1.116315373472787e-12, 6.018241460736817e-13, -1.0, -1.0, -1.0, -1.0
407, 407.0, 1.0673129047233942e-12, 5.838940442259855e-13, -1.0, -1.0, -1.0, -1.0
408, 408.0, -1.7872231472537692e-12, -2.7672308888782027e-13, -1.0, -1.0, -1.0, -1.0
409, 409.0, 9.647699306114532e-13, -2.587763336947546e-12, -1.0, -1.0, -1.0, -1.0
410, 410.0, -1.0063616606714731e-12, -6.916638907955909, -1.0, -1.0, -1.0, -1.0
411, 411.0, -7.551181901988002e-13, -6.122324869295426e-13, -1.0, -1.0, -1.0, -1.0
412, 412.0, 1.2076173394603984e-12, 4.039185652615629e-12, -1.0, -1.0, -1.0, -1.0
413, 413.0, 1.8320206462973943e-12, 1.3223588890554083e-12, -1.0, -1.0, -1.0, -1.0
414, 414.0, -1.3569007029090585e-12, -1.1207423877834799e-12, -1.0, -1.0, -1.0, -1.0
415, 415.0, -6.908917882242349e-13, -1.3287149158713873e-12, -1.0, -1.0, -1.0, -1.0
416, 416.0, 4.9407977709137185e-12, -2.311567603996423e-12, -1.0, -1.0, -1.0, -1.0
417, 417.0, 4.631878214311769e-12, -2.670724752462661e-12, -1.0, -1.0, -1.0, -1.0
418, 418.0, -2.7913782396638e-13, 2.7586544160129733e-12, -1.0, -1.0, -1.0, -1.0
419, 419.0, -2.1160018182087015e-12, 8.842926391139372e-14, -1.0, -1.0, -1.0, -1.0
420, 420.0, -0.15929549806968132, 5.214995102420517e-13, -1.0, -1.0, -1.0, -1.0
421, 421.0, 6.413203301747217e-13, -1.2531087278944142e-12, -1.0, -1.0, -1.0, -1.0
422, 422.0, -7.424061365668422e-13, 1.9122758931899853e-12, -1.0, -1.0, -1.0, -1.0
423, 423.0, -1.5701329125761276e-13, -2.6478819137309983e-13, -1.0, -1.0, -1.0, -1.0
424, 424.0, 3.368416656712725e-13, 2.5466573294607997e-12, -1.0, -1.0, -1.0, -1.0
425, 425.0, 1.270095140171179e-12, -6.117911732772541e-12, -1.0, -1.0, -1.0, -1.0
426, 426.0, 1.4085399513419361e-12, 3.028993722509199e-12, -1.0, -1.0, -1.0, -1.0
427, 427.0, -7.006617508409363e-13, 1.3949119637146623e-12, -1.0, -1.0, -1.0, -1.0
428, 428.0, 9.439671266875393e-14, -7.849831895612169e-13, -1.0, -1.0, -1.0, -1.0
429, 429.0, 1.3983258995153847e-13, 1.5265566588595902e-15, -1.0, -1.0, -1.0, -1.0
430, 430.0, 6.480649350493195e-13, -4.676811457158841, -1.0, -1.0, -1.0, -1.0
431, 431.0, 1.6739110098029641e-12, -3.882172361358016e-13, -1.0, -1.0, -1.0, -1.0
432, 432.0, 5.298261829267403e-13, -8.511802374044919e-13, -1.0, -1.0, -1.0, -1.0
433, 433.0, 1.2605472221594027e-12, 8.142653218357054e-13, -1.0, -1.0, -1.0, -1.0
434, 434.0, -1.4988010832439613e-15, 2.577382751667301e-13, -1.0, -1.0, -1.0, -1.0
435, 435.0, 5.375699885235008e-13, -5.737910147018965e-13, -1.0, -1.0, -1.0, -1.0
436, 436.0, 1.3779810625891287e-12, 8.377187832309119e-13, -1.0, -1.0, -1.0, -1.0
437, 437.0, 3.1628588637033772e-12, 4.876959946997772e-12, -1.0, -1.0, -1.0, -1.0
438, 438.0, 5.47728529198821e-13, -1.798006188380441e-13, -1.0, -1.0, -1.0, -1.0
439, 439.0, 5.224987109642143e-13, 2.267269705313879e-12, -1.0, -1.0, -1.0, -1.0
440, 440.0, -0.05277805376646988, 5.972999872483342e-13, -1.0, -1.0, -1.0, -1.0
441, 441.0, 5.064282326827652e-13, -6.378231276471524e-14, -1.0, -1.0, -1.0, -1.0
442, 442.0, 5.621059173677168e-13, 1.6918966228018917e-12, -1.0, -1.0, -1.0, -1.0
443, 443.0, -8.082978730783452e-13, 1.898758927865174e-13, -1.0, -1.0, -1.0, -1.0
444, 444.0, -7.839590088210002e-12, 2.088884620832232e-13, -1.0, -1.0, -1.0, -1.0
445, 445.0, 1.4436785100713223e-12, -3.586131391841718e-12, -1.0, -1.0, -1.0, -1.0
446, 446.0, -5.732914143408152e-13, 2.6836033395483128e-12, -1.0, -1.0, -1.0, -1.0
447, 447.0, -3.506944734610329e-12, -6.766531779334173e-13, -1.0, -1.0, -1.0, -1.0
448, 448.0, 3.1694091795486656e-13, -5.8126836677274696e-12, -1.0, -1.0, -1.0, -1.0
449, 449.0, 2.8410607200157756e-13, 1.9799439865408885e-12, -1.0, -1.0, -1.0, -1.0
450, 450.0, -3.69412833656213e-12, 14.116036932823334, -1.0, -1.0, -1.0, -1.0
451, 451.0, 9.817979762516416e-13, -1.9459434064117431e-13, -1.0, -1.0, -1.0, -1.0
452, 452.0, 3.448352714485736e-13, -9.653666754871892e-13, -1.0, -1.0, -1.0, -1.0
453, 453.0, -6.472322677808506e-13, -2.7641777755604835e-13, -1.0, -1.0, -1.0, -1.0
454, 454.0, 1.7564560916838445e-12, -3.2684410733452296e-12, -1.0, -1.0, -1.0, -1.0
455, 455.0, -9.078848783872218e-14, 1.520811254707155e-12, -1.0, -1.0, -1.0, -1.0
456, 456.0, -8.966161146872764e-13, -1.1948220191015935e-12, -1.0, -1.0, -1.0, -1.0
457, 457.0, 1.7574830479816228e-13, 8.897604875102161e-13, -1.0, -1.0, -1.0, -1.0
458, 458.0, -7.345513086676192e-13, -4.3201553445726404e-13, -1.0, -1.0, -1.0, -1.0
459, 459.0, -3.3393010578919302e-12, -4.853187296482986e-12, -1.0, -1.0, -1.0, -1.0
460, 460.0, 0.24205385984152142, 2.787936548287462e-12, -1.0, -1.0, -1.0, -1.0
461, 461.0, -2.6432467326031883e-12, 1.869504551166301e-12, -1.0, -1.0, -1.0, -1.0
462, 462.0, -1.7927326290134715e-13, -5.082823051338892e-12, -1.0, -1.0, -1.0, -1.0
463, 463.0, 2.0987100946001647e-12, -1.0264011862659572e-13, -1.0, -1.0, -1.0, -1.0
464, 464.0, 3.9588055056327676e-12, -3.031311313073104e-12, -1.0, -1.0, -1.0, -1.0
465, 465.0, -1.9689527785970995e-12, 1.9261675587856075e-12, -1.0, -1.0, -1.0, -1.0
466, 466.0, -2.8023139364563576e-12, 4.973646494654815e-12, -1.0, -1.0, -1.0, -1.0
467, 467.0, 1.142724803671058e-12, -9.356820873662741e-13, -1.0, -1.0, -1.0, -1.0
468, 468.0, 1.8668400159072007e-13, 2.3020335637724543e-12, -1.0, -1.0, -1.0, -1.0
469, 469.0, -1.4221956945448255e-12, 1.1382145226335183e-12, -1.0, -1.0, -1.0, -1.0
470, 470.0, -2.623901096399095e-12, 68.98804398517706, -1.0, -1.0, -1.0, -1.0
471, 471.0, -1.2892742429215787e-12, -2.3102492141546804e-12, -1.0, -1.0, -1.0, -1.0
472, 472.0, 2.2928881016071045e-12, -7.915890165577366e-13, -1.0, -1.0, -1.0, -1.0
473, 473.0, 1.3087586570037502e-12, 2.0076995621565175e-13, -1.0, -1.0, -1.0, -1.0
474, 474.0, -6.321609902215641e-13, -3.2306102237811274e-13, -1.0, -1.0, -1.0, -1.0
475, 475.0, -9.992839888894878e-13, -5.667688540711424e-14, -1.0, -1.0, -1.0, -1.0
476, 476.0, 4.1408543260956776e-13, -2.136762988769192e-13, -1.0, -1.0, -1.0, -1.0
477, 477.0, -5.125622148938191e-13, -8.325701239542127e-13, -1.0, -1.0, -1.0, -1.0
478, 478.0, -5.611067166455541e-13, -1.8825774272812623e-12, -1.0, -1.0, -1.0, -1.0
479, 479.0, 2.1163626406917047e-13, 8.551770402931425e-13, -1.0, -1.0, -1.0, -1.0
480, 480.0, 0.5640133224340377, -8.295100717425896e-13, -1.0, -1.0, -1.0, -1.0
481, 481.0, -5.576372696936005e-13, 2.794223186164402e-13, -1.0, -1.0, -1.0, -1.0
482, 482.0, -5.453137941202613e-13, -8.224740333240277e-13, -1.0, -1.0, -1.0, -1.0
483, 483.0, 2.983446822923952e-13, 1.1325038129506027e-12, -1.0, -1.0, -1.0, -1.0
484, 484.0, 8.804623696789804e-13, -1.1541254063551776e-12, -1.0, -1.0, -1.0, -1.0
485, 485.0, 6.303568778065483e-13, 1.4779844015322396e-12, -1.0, -1.0, -1.0, -1.0
486, 486.0, -6.698530619075882e-13, 2.4205637494389975e-12, -1.0, -1.0, -1.0, -1.0
487, 487.0, -2.662037257294969e-13, 1.0104625469686823e-12, -1.0, -1.0, -1.0, -1.0
488, 488.0, 1.5468182290589993e-13, 9.017231406005521e-13, -1.0, -1.0, -1.0, -1.0
489, 489.0, 3.697459005636006e-12, 4.9660067724666135e-12, -1.0, -1.0, -1.0, -1.0
490, 490.0, -1.0638018244080172e-11, 303.44251190864384, -1.0, -1.0, -1.0, -1.0
491, 491.0, -1.6652235146352723e-12, -1.775274371951241e-12, -1.0, -1.0, -1.0, -1.0
492, 492.0, -3.5318137303619324e-12, 1.994272802452457e-12, -1.0, -1.0, -1.0, -1.0
493, 493.0, -3.469446951953614e-15, -1.912296709871697e-12, -1.0, -1.0, -1.0, -1.0
494, 494.0, -4.397593400540245e-13, -4.636464823182251e-13, -1.0, -1.0, -1.0, -1.0
495, 495.0, 9.146849944130508e-13, -3.255173908200959e-13, -1.0, -1.0, -1.0, -1.0
496, 496.0, -3.9418468489316183e-13, -7.869798562820662e-13, -1.0, -1.0, -1.0, -1.0
497, 497.0, 3.258837644182222e-12, -1.804136701144543e-12, -1.0, -1.0, -1.0, -1.0
498, 498.0, 8.815448371279899e-13, 7.991402678486637e-13, -1.0, -1.0, -1.0, -1.0
499, 499.0, 2.3533952564491756e-13, -1.6699931368324705e-12, -1.0, -1.0, -1.0, -1.0
