0, 0.0, -5.204010009765625, 0.0, 0.01040802001953125, 0.00010832688072696329, 0.00010832688072696329, -42.66293757849083
1, 1.0, -3.035971024527195, 1.0680340017256267, 0.012873424837616918, 8.286253352488609e-05, 8.286253352488609e-05, -40.81641792265618
2, 2.0, 0.23333251297291524, 0.0170662327761753, 0.0009358232133169278, 4.378825432914101e-07, 4.378825432914101e-07, -63.58642368129022
3, 3.0, 3.049055193874743, -4.106861731404657, 0.020459931908457803, 0.00020930440684936488, 0.00020930440684936488, -36.792216276086926
4, 4.0, 1.8988296133556004, -0.3677675409331873, 0.007736466236953636, 2.992645491776178e-05, 2.992645491776178e-05, -45.23944726555776
5, 5.0, 0.4585412396189331, -1.4011089723285046, 0.005896936724463923, 1.738693136616565e-05, 1.738693136616565e-05, -47.59777060224899
6, 6.0, -0.5085850809856471, 4.62385885786093, 0.018606979130216774, 0.00017310983617616128, 0.00017310983617616128, -37.6167825462221
7, 7.0, -0.2579667940707516, -0.8989040370466681, 0.003740749303895013, 6.996602677295512e-06, 6.996602677295512e-06, -51.55112788079788
8, 8.0, -0.5307688949664958, 0.0680111760434488, 0.0021404341239319395, 2.2907291194461448e-06, 2.2907291194461448e-06, -56.40026263444887
9, 9.0, -0.9615868463872352, -5.155232061805151, 0.020976583849314927, 0.00022000853499366994, 0.00022000853499366994, -36.57560470865275
10, 10.0, 5.567834821120701, -242.69418632036553, 0.9710321836750795, 0.4714517508663966, 0.4714517508663966, -3.2656274705113657
11, 11.0, 0.4933697626881229, 3.149973971702175, 0.01275350916109671, 8.132599796108886e-05, 8.132599796108886e-05, -40.89770598733661
12, 12.0, 2.797932648876645, -2.2730773297288294, 0.014419602022012689, 0.00010396246123661621, 0.00010396246123661621, -39.831234474393185
13, 13.0, 0.09127376717180165, -0.9623104160673213, 0.003866517269989401, 7.474977899563145e-06, 7.474977899563145e-06, -51.26390087031889
14, 14.0, -3.710785296334119, 3.0484434758128316, 0.019209553931610304, 0.00018450348112572244, 0.00018450348112572244, -37.339954353616704
15, 15.0, 1.8030456769251997, 0.7972478099948616, 0.007885762140587558, 3.109262226896203e-05, 3.109262226896203e-05, -45.07342649172129
16, 16.0, 7.556327922377483, -2.4024612802023886, 0.03171621966713519, 0.0005029592949869865, 0.0005029592949869865, -32.98467161420944
17, 17.0, 3.942677136977205, 2.5666428399286834, 0.018818016250051414, 0.00017705886779359952, 0.00017705886779359952, -37.518823172120946
18, 18.0, -0.21026225553164182, 3.5613021799654834, 0.014270015239306877, 0.00010181666746502526, 0.00010181666746502526, -39.92181121846271
19, 19.0, -0.5929608045370803, 2.771937264132279, 0.011338598652039787, 6.428190969601924e-05, 6.428190969601924e-05, -41.91911229635457
20, 20.0, -2.536870121170106, -1.1815714627284222, 0.011194156427865252, 6.265456906575848e-05, 6.265456906575848e-05, -42.03047252719446
21, 21.0, 0.16275492040559525, 0.8505723154280379, 0.003464014844977072, 5.999699423110764e-06, 5.999699423110764e-06, -52.21870506642063
22, 22.0, 0.9424908535648638, -0.1727757561729242, 0.003832785871346431, 7.34512376779641e-06, 7.34512376779641e-06, -51.34000881804542
23, 23.0, -0.12687272756993465, -2.766408854877541, 0.011077266551886095, 6.135291713076722e-05, 6.135291713076722e-05, -42.12164783162301
24, 24.0, -2.8895239550504765, 1.0587522967741865, 0.012309544337779633, 7.576244090188131e-05, 7.576244090188131e-05, -41.20546041751072
25, 25.0, 1.460982546414625, 4.667829781016085, 0.019564500449730408, 0.00019138483892375065, 0.00019138483892375065, -37.180924690280754
26, 26.0, -3.475236773308162, -1.6334371652355795, 0.015359889376334023, 0.00011796310082660939, 0.00011796310082660939, -39.28253819926733
27, 27.0, -0.04788555504696262, -0.4249784776290017, 0.0017106711330002369, 1.4631978626401571e-06, 1.4631978626401571e-06, -58.34696941924931
28, 28.0, 0.4382447988128594, 0.9755905730364284, 0.004278009761342899, 9.150683759072562e-06, 9.150683759072562e-06, -50.38546453289026
29, 29.0, -1.1123734318314225, 1.864219297416011, 0.008683490764159457, 3.770150592562129e-05, 3.770150592562129e-05, -44.23641302257721
30, 30.0, -4.10608508536733, -5.721424727787824, 0.02816938356273151, 0.0003967570851521441, 0.0003967570851521441, -34.01475309021747
31, 31.0, -1.1147873186027502, -0.7918086172337357, 0.005469495994393795, 1.4957693216344885e-05, 1.4957693216344885e-05, -48.2513537844076
32, 32.0, 3.4793481798757884, -2.765249775476354, 0.01777750042163498, 0.0001580197606206159, 0.0001580197606206159, -38.01288600438753
33, 33.0, 0.20941738782344646, -3.5166978877898143, 0.01409171085500019, 9.92881574104651e-05, 9.92881574104651e-05, -40.03102548866149
34, 34.0, -0.06363452607660153, 1.270282774956062, 0.0050875026191782025, 1.2941341450072535e-05, 1.2941341450072535e-05, -48.88020704025203
35, 35.0, -0.05640762752339294, 2.2744998633547784, 0.009100796843216508, 4.141225159074978e-05, 4.141225159074978e-05, -43.82871156195168
36, 36.0, 5.491891973856951, 1.6744720173415952, 0.02296596925518257, 0.0002637178719149955, 0.0002637178719149955, -35.78860437475974
37, 37.0, 2.2714302913232842, 1.5160542981635983, 0.010923601020411759, 5.966252962657041e-05, 5.966252962657041e-05, -42.24298336968413
38, 38.0, -1.1791009170775482, 3.5383794799914448, 0.014918663917162362, 0.00011128326653662111, 0.00011128326653662111, -39.535701348311754
39, 39.0, -1.4290827568986093, -0.5768022816231544, 0.006164385968643569, 1.8999827185204853e-05, 1.8999827185204853e-05, -47.212503491973415
40, 40.0, 5.343956286650093, -0.4808420733242058, 0.021462181769095433, 0.0002303126231448462, 0.0002303126231448462, -36.37682258249781
41, 41.0, -2.013250326595842, -1.9031721738381542, 0.011081690268770454, 6.140192960648088e-05, 6.140192960648088e-05, -42.11817980580672
42, 42.0, 2.2390355588451616, -2.61658095700112, 0.01377521027835958, 9.487820910651171e-05, 9.487820910651171e-05, -40.22833521518811
43, 43.0, -2.5010368141659445, 2.413962163084364, 0.013903897853834387, 9.665918776493024e-05, 9.665918776493024e-05, -40.14756858593899
44, 44.0, 0.5016389512829962, -1.0981142630534744, 0.004829072908400998, 1.1659972577326236e-05, 1.1659972577326236e-05, -49.3330247097751
45, 45.0, 3.405360790864188, 1.6560382002590188, 0.015146719585004428, 0.00011471155709337835, 0.00011471155709337835, -39.40392825088851
46, 46.0, -1.6096755124075757, 0.6111944620841525, 0.006887221704840845, 2.371691140581542e-05, 2.371691140581542e-05, -46.24941868712006
47, 47.0, -2.971100863200246, -2.4613005706606574, 0.015432661903090457, 0.00011908352670754978, 0.00011908352670754978, -39.24148312025414
48, 48.0, 0.1978865588336081, -1.0555793920192396, 0.0042958714003521374, 9.227255544181717e-06, 9.227255544181717e-06, -50.349274516559305
49, 49.0, -5.422241776074411, 4.677880628445474, 0.028644936181375445, 0.00041026618441753604, 0.00041026618441753604, -33.86934277637237
50, 50.0, -1.9454035342543101, 10.443957601160012, 0.04249439403703357, 0.0009028867622873371, 0.0009028867622873371, -30.443667143570863
51, 51.0, -4.032654784407908, -2.9729770248141714, 0.020040318161259184, 0.00020080717600224734, 0.00020080717600224734, -36.97220771395085
52, 52.0, 0.6946616879411935, -3.485565352168175, 0.014216452826174926, 0.00010105376547942852, 0.00010105376547942852, -39.954474991059335
53, 53.0, -0.8761742714808163, 2.8329084738882906, 0.011861232162255672, 7.034441420346417e-05, 7.034441420346417e-05, -41.52770382620496
54, 54.0, 4.258816024425987, -0.49780993247309097, 0.017151246559373546, 0.00014708262927021144, 0.00014708262927021144, -38.32438615223232
55, 55.0, 0.4707553061308158, 3.0048375730241346, 0.01216595867065667, 7.40052751880631e-05, 7.40052751880631e-05, -41.30737322114798
56, 56.0, 1.512472739857634, 2.021957503418991, 0.010100206678633714, 5.1007087475558536e-05, 5.1007087475558536e-05, -42.92369474143889
57, 57.0, 0.057061964629424235, 0.8746847390169523, 0.003506176174641596, 6.146635683812188e-06, 6.146635683812188e-06, -52.113625271099664
58, 58.0, 1.5360603107840933, 4.491683433899188, 0.01898829169724566, 0.00018027761078984425, 0.00018027761078984425, -37.4405820624596
59, 59.0, 5.387427126021685, 0.4271853947650459, 0.02161734799634584, 0.00023365486719755877, 0.00023365486719755877, -36.31425167881585
60, 60.0, 1.0525018251921037, 4.819052073383227, 0.019730594710960694, 0.00019464818382409506, 0.00019464818382409506, -37.10749644136178
61, 61.0, -1.545197497627652, -3.6015649466984807, 0.015676175743828333, 0.0001228712429756959, 0.0001228712429756959, -39.10549748344906
62, 62.0, 1.5977448850446558, 1.0559809704265308, 0.007660688770693474, 2.9343076220714544e-05, 2.9343076220714544e-05, -45.32494358262025
63, 63.0, 2.286454176517054, 3.2453458363411865, 0.015879618281945874, 0.00012608113839015483, 0.00012608113839015483, -38.9934987857969
64, 64.0, -1.4033914870497524, 0.16285138868075238, 0.005651234542248573, 1.596822592575172e-05, 1.596822592575172e-05, -47.967433314166
65, 65.0, 0.9809167215662933, -1.440401371973142, 0.006970743119100545, 2.42956298162438e-05, 2.42956298162438e-05, -46.14471838227896
66, 66.0, -6.201534256614226, -3.6307028092771456, 0.02874467742737851, 0.00041312824020202187, 0.00041312824020202187, -33.83915116946164
67, 67.0, 1.303098754383055, -4.022366945406894, 0.01691271815276381, 0.00014302001765741323, 0.00014302001765741323, -38.44603172676658
68, 68.0, -2.4407838320246746, -2.4251490334480095, 0.013763007548704968, 9.471018839285497e-05, 9.471018839285497e-05, -40.23603299510008
69, 69.0, -0.11920865687120859, 2.0115974602764024, 0.008060506233296775, 3.248588036850808e-05, 3.248588036850808e-05, -44.883053593433
70, 70.0, 1.5821792621992423, 0.36087168915605417, 0.006491248993859573, 2.1068156750141457e-05, 2.1068156750141457e-05, -46.763734590886116
71, 71.0, -1.7623988734872535, 0.7315923616043022, 0.007632852334824146, 2.9130217382615205e-05, 2.9130217382615205e-05, -45.35656274462
72, 72.0, -0.4171378323401078, 1.3961866975454267, 0.005828675685707289, 1.6986730124577665e-05, 1.6986730124577665e-05, -47.69890212980529
73, 73.0, 1.7973271617817692, 0.6005005844859228, 0.007579958710648965, 2.8727887027571564e-05, 2.8727887027571564e-05, -45.41696315741867
74, 74.0, -1.3036516975129926, 2.2743848612893083, 0.010486054926951694, 5.497867396552395e-05, 5.497867396552395e-05, -42.59805739145164
75, 75.0, -1.336067710748072, 1.468976638510639, 0.00794276454863782, 3.154375433754888e-05, 3.154375433754888e-05, -45.010866182028515
76, 76.0, 1.7289947726587056, 2.885813329525382, 0.013456502664063943, 9.053873197398e-05, 9.053873197398e-05, -40.431655922414706
77, 77.0, -0.05822591028918797, -0.13522502640854675, 0.0005889117339119231, 1.7340851516957385e-07, 1.7340851516957385e-07, -67.60929580444814
78, 78.0, 1.4096222706475228, 0.6563792522167154, 0.00621979892748446, 1.9342949349168422e-05, 1.9342949349168422e-05, -47.13477305412715
79, 79.0, 6.146798241050435, 2.313912232792953, 0.02627160244438838, 0.0003450985474979967, 0.0003450985474979967, -34.620568686277615
80, 80.0, 0.8464430551666055, -4.0245085181209745, 0.01645023265881334, 0.0001353050772645445, 0.0001353050772645445, -38.68685906383878
81, 81.0, 3.193452934973708, 0.24820837098917628, 0.012812337206502983, 8.207799234657033e-05, 8.207799234657033e-05, -40.85773275081547
82, 82.0, -4.730733422734161, -1.195966160646103, 0.01951826786346971, 0.00019048139019507725, 0.00019048139019507725, -37.201474479693694
83, 83.0, 2.4705805127603577, 2.272130634565991, 0.013426151013936637, 9.01307655245159e-05, 9.01307655245159e-05, -40.45126940243173
84, 84.0, -1.6101303282373063, 4.352630991158609, 0.018563584231113973, 0.00017230332975283168, 0.00017230332975283168, -37.63706329752738
85, 85.0, -3.4878442201182063, -0.9313236092215433, 0.01444017782101338, 0.00010425936775124338, 0.00010425936775124338, -39.818849130458574
86, 86.0, -3.306817782959032, 0.12099910034267192, 0.01323612307708134, 8.75974770558226e-05, 8.75974770558226e-05, -40.57508402011294
87, 87.0, -1.591654651425065, -4.145014788480541, 0.017760410862871584, 0.00015771609700900347, 0.00015771609700900347, -38.021239789258885
88, 88.0, -3.376890307594394, 1.8305460902962614, 0.01536452388496247, 0.0001180342971057911, 0.0001180342971057911, -39.2799178185013
89, 89.0, -0.3664710623710966, 1.9284769433789175, 0.007851954519174949, 3.0826594885595956e-05, 3.0826594885595956e-05, -45.11074444915675
90, 90.0, 0.18716674692246626, 0.5104197712148179, 0.00217461622913295, 2.3644778720042053e-06, 2.3644778720042053e-06, -56.262647459798885
91, 91.0, -1.056799341322276, 2.427789566368475, 0.010591307399098053, 5.608789621109458e-05, 5.608789621109458e-05, -42.511308495438385
92, 92.0, -1.4487582056224073, -5.034843019011497, 0.02095654344187402, 0.00021958835651557653, 0.00021958835651557653, -36.5839069170417
93, 93.0, 3.6954968004348894, 0.4463017540694798, 0.014889395881746178, 0.00011084705486168001, 0.00011084705486168001, -39.552758413344506
94, 94.0, 0.376955957282898, 0.8919157684360928, 0.0038732095873391863, 7.500876253728095e-06, 7.500876253728095e-06, -51.24887999284312
95, 95.0, 3.0964506628734982, -4.784879528564395, 0.022797571383104596, 0.0002598646304838748, 0.0002598646304838748, -35.85252827197687
96, 96.0, 0.8024200074415714, 0.7154376795282568, 0.004300193375431032, 9.245831533050465e-06, 9.245831533050465e-06, -50.34054024042337
97, 97.0, -1.1196384803300088, -1.6616036805275958, 0.008014503969957011, 3.211613694222835e-05, 3.211613694222835e-05, -44.9327669893414
98, 98.0, 0.2697356459174285, -1.3787224611648456, 0.005619441884883504, 1.5789063548791535e-05, 1.5789063548791535e-05, -48.0164362728447
99, 99.0, 2.7528161759655947, -3.0551944254395207, 0.016449782916935805, 0.0001352976790071565, 0.0001352976790071565, -38.68709653535639
100, 100.0, -1.4094775925610012, 0.8282980039207681, 0.006539363476340106, 2.1381637337845478e-05, 2.1381637337845478e-05, -46.69959040962404
101, 101.0, 1.3095890322691661, -4.486435460677889, 0.01869465231611124, 0.00017474501261014169, 0.00017474501261014169, -37.57595210585451
102, 102.0, -5.3109212427929124, 4.888163229621518, 0.028872138599438147, 0.00041680019365258306, 0.00041680019365258306, -33.80072087927753
103, 103.0, 0.45728212466927515, 0.1454331259176101, 0.0019194071403689792, 1.842061885249711e-06, 1.842061885249711e-06, -57.34695783492596
104, 104.0, 1.7732329144967325, 3.1145808270539797, 0.014335951281896478, 0.00010275974957845463, 0.00010275974957845463, -39.881769627633
105, 105.0, 2.9764906758818013, -0.5453758922165113, 0.012104168939615644, 7.325545285937805e-05, 7.325545285937805e-05, -41.35160042528825
106, 106.0, 1.8565147453421262, 1.256564184328801, 0.008967140502087068, 4.020480439208516e-05, 4.020480439208516e-05, -43.95722046510082
107, 107.0, -6.302313863950657, 0.2824650920254675, 0.02523456251032147, 0.00031839157254366093, 0.00031839157254366093, -34.97038436054413
108, 108.0, 1.011616752229579, 5.0050416013210155, 0.020425008155433595, 0.00020859047907476443, 0.00020859047907476443, -36.807055184390066
109, 109.0, -1.3445033570760343, -2.6418381219014266, 0.011857148351620052, 7.029598351616306e-05, 7.029598351616306e-05, -41.530694884453105
110, 110.0, -3.255161058680801, -0.6435567171307224, 0.01327267193363325, 8.80819101289279e-05, 8.80819101289279e-05, -40.55113275899858
111, 111.0, -6.010211370312989, -2.031645277259169, 0.02537722545857179, 0.00032200178598759216, 0.00032200178598759216, -34.921417194768246
112, 112.0, 2.703196336830777, -3.195077002760601, 0.01674074669255825, 0.00014012629991220002, 0.00014012629991220002, -38.534803455507486
113, 113.0, 1.584760105966162, -1.6327131327564812, 0.009101399248324284, 4.141773413869892e-05, 4.141773413869892e-05, -43.8281366396446
114, 114.0, -4.116117298289987, 0.0242950030158513, 0.01646475598869469, 0.00013554409488362882, 0.00013554409488362882, -38.67919398152238
115, 115.0, -0.7173854770846073, -3.831213464509273, 0.015591196764004514, 0.00012154270826695242, 0.00012154270826695242, -39.15271090744267
116, 116.0, 1.7425181169170838, -4.100822123776156, 0.017822732216419005, 0.00015882489182908994, 0.00015882489182908994, -37.99081431777655
117, 117.0, 1.0205604012921736, 3.772999361191988, 0.01563435586763499, 0.00012221654169792634, 0.00012221654169792634, -39.12870009462181
118, 118.0, -2.2859991973850065, -4.7491698384964245, 0.02108284856857025, 0.00022224325188263235, 0.00022224325188263235, -36.53171416925256
119, 119.0, 3.5344850607849807, -2.4146368015268806, 0.01712217534226311, 0.00014658444422560143, 0.00014658444422560143, -38.33912115270865
120, 120.0, 1.9046750822531842, -1.20178786714777, 0.009008512637792999, 4.057664997263809e-05, 4.057664997263809e-05, -43.91723811379913
121, 121.0, 3.4825464790437253, -1.150041346973418, 0.014670092067031227, 0.00010760580062758627, 0.00010760580062758627, -39.68164316842016
122, 122.0, -7.167380683508923, 2.0976151996421732, 0.029872083392520635, 0.00044617068310485357, 0.00044617068310485357, -33.50498969650749
123, 123.0, -3.5685115280727384, 0.4884692411790817, 0.014407151960365296, 0.0001037830138045288, 0.0001037830138045288, -39.83873721772989
124, 124.0, -3.670255911256569, -3.2439450313971783, 0.019593451077680103, 0.0001919516625667218, 0.0001919516625667218, -37.16808121939772
125, 125.0, 0.5467529296876504, 3.7531433105472, 0.01517103739399635, 0.00011508018780501777, 0.00011508018780501777, -39.38999438034611
126, 126.0, -0.9672726686209279, 3.346644275528066, 0.013934500678466138, 9.708515457908663e-05, 9.708515457908663e-05, -40.12847173565636
127, 127.0, -1.9417340593797943, -0.6346001755226438, 0.00817121635021754, 3.338438832103122e-05, 3.338438832103122e-05, -44.76456576633868
128, 128.0, 1.0206282998111205, 3.264925579463342, 0.01368293603920409, 9.361136932647505e-05, 9.361136932647505e-05, -40.286714019467766
129, 129.0, -5.668746971043041, 0.2847446180080931, 0.02270357565466523, 0.0002577261737535538, 0.0002577261737535538, -35.88841473806419
130, 130.0, -1.2995630146940167, 0.6932958015237126, 0.005891720424556493, 1.735618478056807e-05, 1.735618478056807e-05, -47.605457348533875
131, 131.0, 0.6396676257513857, -1.0544508659791048, 0.004933220125149088, 1.216833040158799e-05, 1.216833040158799e-05, -49.14769006578466
132, 132.0, -1.1528820882715707, -2.1945562967446968, 0.0099158172222277, 4.916171559231373e-05, 4.916171559231373e-05, -43.08372969982603
133, 133.0, -1.2459233574820139, 0.20695758374684348, 0.00505198013327778, 1.2761251633516685e-05, 1.2761251633516685e-05, -48.94106727584172
134, 134.0, -0.23438424492442908, 1.4318769149278288, 0.005803733245106335, 1.6841659790176253e-05, 1.6841659790176253e-05, -47.73615109855772
135, 135.0, -0.9520437227967951, -0.5013370882717847, 0.004303907296759282, 9.261809009548895e-06, 9.261809009548895e-06, -50.33304178962319
136, 136.0, 1.2185062468787828, 0.8450806938608888, 0.005931500791966927, 1.7591350822552142e-05, 1.7591350822552142e-05, -47.54700810215334
137, 137.0, 0.5750282014926377, -3.044676087068236, 0.012394004942827483, 7.680567926141604e-05, 7.680567926141604e-05, -41.14606665636423
138, 138.0, -2.066241451405601, -0.1914703316295377, 0.008300375532132075, 3.444811698720841e-05, 3.444811698720841e-05, -44.628345126363335
139, 139.0, -4.672669676746475, 0.4456417731115941, 0.018775489766364256, 0.00017625950798342446, 0.00017625950798342446, -37.53847446516078
140, 140.0, -0.3773784431924629, -3.3421983849986936, 0.013453745669708044, 9.050163627259397e-05, 9.050163627259397e-05, -40.43343568665136
141, 141.0, 4.261851743779149, 1.1542548812181066, 0.017661567140780775, 0.00015596547693415362, 0.00015596547693415362, -38.06971522390719
142, 142.0, -0.5863231438520057, -3.7203504742882227, 0.015065076159410868, 0.00011347825984442485, 0.00011347825984442485, -39.45087332602643
143, 143.0, -1.030221755796017, -0.7916328371857917, 0.005196982840112142, 1.3504315320210035e-05, 1.3504315320210035e-05, -48.695274300024494
144, 144.0, -0.20332399113165078, -1.4133308782390424, 0.0057115249336808765, 1.631075853402917e-05, 1.631075853402917e-05, -47.875258415665265
145, 145.0, -2.8179908676919845, 1.4938363336646663, 0.012757817695623098, 8.138095617737694e-05, 8.138095617737694e-05, -40.89477211753329
146, 146.0, -2.821373281424717, -1.4873777956401404, 0.012757705060143442, 8.13795192008048e-05, 8.13795192008048e-05, -40.8948488033496
147, 147.0, 6.177601575517875, -0.3780163398712881, 0.024756625805323514, 0.00030644526063240506, 0.00030644526063240506, -35.13647090895687
148, 148.0, -1.1248434094422133, -0.7888255526563898, 0.005495479521627558, 1.5100147586313927e-05, 1.5100147586313927e-05, -48.210188079645455
149, 149.0, -2.3641663217451874, -4.940293488646636, 0.02190736210531556, 0.00023996625720670815, 0.00023996625720670815, -36.19849822201679
150, 150.0, -3.561584991136135, -1.5994331928757293, 0.015616951911334723, 0.00012194459350047064, 0.00012194459350047064, -39.13837449675479
151, 151.0, -1.4965189640406098, 3.4024040171489456, 0.014867910199160854, 0.00011052737684515567, 0.00011052737684515567, -39.5653013699991
152, 152.0, -0.5868993564773998, -2.7064392559843533, 0.011077374635511231, 6.13541144077338e-05, 6.13541144077338e-05, -42.1215630816664
153, 153.0, 0.4436683385838334, 0.23256273233841596, 0.0020037046454383393, 2.0074161530755906e-06, 2.0074161530755906e-06, -56.973625855347464
154, 154.0, -3.607406523958107, -4.664153427187242, 0.02358565971820606, 0.000278141672171504, 0.000278141672171504, -35.55733938721915
155, 155.0, 0.8570325162876914, -2.956272145969273, 0.012311977735527745, 7.579239788006545e-05, 7.579239788006545e-05, -41.2037435273614
156, 156.0, -3.074899256611901, 0.4428399740798658, 0.012426496002304414, 7.72089014476438e-05, 7.72089014476438e-05, -41.12332626779078
157, 157.0, 1.294132143499632, -2.8802472148350247, 0.01263050404277129, 7.976481618723096e-05, 7.976481618723096e-05, -40.981886312712454
158, 158.0, -0.6834392818987685, -2.8424044402398234, 0.011693657941935786, 6.837081803149894e-05, 6.837081803149894e-05, -41.65129223896354
159, 159.0, -1.963936469327706, 1.8289028467049082, 0.010734566281496943, 5.761545662592555e-05, 5.761545662592555e-05, -42.394609918051096
160, 160.0, -2.0214151541337353, -0.46355094897441235, 0.008295539724605352, 3.4407989661252726e-05, 3.4407989661252726e-05, -44.633407009486625
161, 161.0, 3.1532398466113913, -3.602428961078916, 0.019150108490503314, 0.00018336332759902356, 0.00018336332759902356, -37.36687518251203
162, 162.0, 3.6810682600948583, -0.9297427661960336, 0.0151866705484891, 0.00011531748117417312, 0.00011531748117417312, -39.38104852271554
163, 163.0, -0.16465907195051468, 0.258248722857592, 0.0012251041610128154, 7.504401026654571e-07, 7.504401026654571e-07, -61.24683965805759
164, 164.0, 3.124766727911417, -6.582714255224927, 0.02914688156761987, 0.0004247703525584295, 0.0004247703525584295, -33.71845803060311
165, 165.0, -0.690651150240054, -2.1807081122559433, 0.009149851917653565, 4.185989505749431e-05, 4.185989505749431e-05, -43.782018647696276
166, 166.0, 1.0820957116394418, -2.1092449164028166, 0.009482485114373423, 4.495876197215677e-05, 4.495876197215677e-05, -43.47185656426174
167, 167.0, -0.5812401997414919, -0.8696203233809624, 0.00418393054747851, 8.752637413061913e-06, 8.752637413061913e-06, -50.57861062252039
168, 168.0, 2.8274707678844466, -0.7466648413354939, 0.011697589036055332, 6.841679462822095e-05, 6.841679462822095e-05, -41.64837276656151
169, 169.0, 4.252566512035019, 1.0142173058094541, 0.017487347967115, 0.00015290366946148055, 0.00015290366946148055, -38.155820920386276
170, 170.0, 0.7505047473887896, -1.7277164896505353, 0.007534731999972903, 2.8386093155707834e-05, 2.8386093155707834e-05, -45.46894376324943
171, 171.0, -4.062794417482919, 2.306919414864359, 0.018688253279708508, 0.0001746254053232679, 0.0001746254053232679, -37.57892572835074
172, 172.0, 1.3038084470330165, 2.563959327996535, 0.011505688264280474, 6.619043121740071e-05, 6.619043121740071e-05, -41.79204789561024
173, 173.0, -0.1657718680112019, -0.9460916794730282, 0.003842019840015444, 7.380558225536149e-06, 7.380558225536149e-06, -51.31910789247207
174, 174.0, -1.496613765863658, -0.40086373473828485, 0.0061974762579629795, 1.9204355984007406e-05, 1.9204355984007406e-05, -47.166002522729016
175, 175.0, -3.6579231275697204, -5.845275164136295, 0.027581919687122005, 0.0003803811468134242, 0.0003803811468134242, -34.197810165448324
176, 176.0, -2.5718177829458653, 4.915869957619479, 0.022191899116173835, 0.00024624019319121856, 0.00024624019319121856, -36.086410567805984
177, 177.0, -1.7043284418524793, 3.1151893340124315, 0.014203740366228672, 0.0001008731201956169, 0.0001008731201956169, -39.96224545417605
178, 178.0, 1.029197740529107, 0.9626410039423238, 0.005636915030874678, 1.5887405532650435e-05, 1.5887405532650435e-05, -47.98947018768107
179, 179.0, 1.8068674111962533, -3.5819559160221828, 0.01604751845038696, 0.00012876142420775497, 0.00012876142420775497, -38.90214228304004
180, 180.0, 4.623806680108118, 7.878289253570148, 0.03653973831935447, 0.0006675762382234506, 0.0006675762382234506, -31.754991300396632
181, 181.0, 0.8293762078007313, -1.0656841949499416, 0.005401551921338203, 1.4588381579456215e-05, 1.4588381579456215e-05, -48.35992885632116
182, 182.0, -3.8778748658917426, 2.0487823720713942, 0.017543282558803136, 0.00015388338146900314, 0.00015388338146900314, -38.1280827897301
183, 183.0, 7.026798427014621, 4.924412841846801, 0.03432217661415799, 0.0005890059037667269, 0.0005890059037667269, -32.298803521391086
184, 184.0, -0.4682279500418497, -2.1016981889843587, 0.00861289516089035, 3.7090981526244205e-05, 3.7090981526244205e-05, -44.3073167392964
185, 185.0, -2.5224751245820474, 0.7871694727774892, 0.010569780722802534, 5.586013226406403e-05, 5.586013226406403e-05, -42.528980403234286
186, 186.0, -3.0357132696529607, -2.0120227223871345, 0.014567794886501775, 0.00010611032392759364, 0.00010611032392759364, -39.742423596739386
187, 187.0, -3.111304933974425, -2.8547701821923237, 0.01689020127070509, 0.00014263944948246393, 0.00014263944948246393, -38.45760345990789
188, 188.0, -0.63012944881803, -1.7380748354004887, 0.007395098112366219, 2.7343738045761207e-05, 2.7343738045761207e-05, -45.63142115164055
189, 189.0, 0.7571612252195337, -1.7512672508661309, 0.007631754823034776, 2.912184083945728e-05, 2.912184083945728e-05, -45.357811760228046
190, 190.0, -2.3738356729043586, 0.32470486490050726, 0.009583760473837683, 4.5924232409946746e-05, 4.5924232409946746e-05, -43.37958093877035
191, 191.0, -2.755729837297866, -0.5957936381356288, 0.011277600450745974, 6.35921359633329e-05, 6.35921359633329e-05, -41.96596587478882
192, 192.0, -1.8866221063380193, 2.3911411613236426, 0.012183200909777024, 7.421519220399586e-05, 7.421519220399586e-05, -41.295071834675035
193, 193.0, -2.0430420142337384, -4.670656208452391, 0.02039178269381237, 0.00020791240071583281, 0.00020791240071583281, -36.82119606859745
194, 194.0, -5.557172135949483, 2.4452801412312453, 0.024285487721739746, 0.000294892456941386, 0.000294892456941386, -35.303363361312464
195, 195.0, -1.2858274200158797, 1.8758944763451304, 0.009097104805769243, 4.137865792357493e-05, 4.137865792357493e-05, -43.83223599359936
196, 196.0, 1.767001892253739, 6.428598457089266, 0.026668085438506843, 0.00035559339047775036, 0.00035559339047775036, -34.4904631999012
197, 197.0, -0.023614616028733017, 0.6038585370847936, 0.002417280398796537, 2.9216222632029725e-06, 2.9216222632029725e-06, -55.34375934743632
198, 198.0, 0.3524620241173973, -0.8466809494218693, 0.003668456042661765, 6.728784868470808e-06, 6.728784868470808e-06, -51.72063356662382
199, 199.0, 2.2728693406371487, 2.514683025346781, 0.013558504789290349, 9.191652606060467e-05, 9.191652606060467e-05, -40.36606397953584
200, 200.0, -1.1610180129081507, 3.0731468005267457, 0.013140589992163953, 8.633755267107971e-05, 8.633755267107971e-05, -40.63800266040062
201, 201.0, -3.237522172185216, 1.8196828408958265, 0.014855461194774981, 0.00011034236365473265, 0.00011034236365473265, -39.57257717213399
202, 202.0, -3.2101721985081424, 3.079915457527432, 0.017794868819787805, 0.00015832867815672813, 0.00015832867815672813, -38.004404140246876
203, 203.0, -3.168737099303595, 4.748513920598555, 0.022834808257087235, 0.00026071423406896966, 0.00026071423406896966, -35.83835257251871
204, 204.0, -1.078359956260626, 2.5826600526140373, 0.011194993983122823, 6.26639451410781e-05, 6.26639451410781e-05, -42.02982266666801
205, 205.0, 0.11116951360876398, -0.03310812027508821, 0.0004639794544444203, 1.0763846707327094e-07, 1.0763846707327094e-07, -69.68032495842881
206, 206.0, -2.37803472311414, -1.4042507659998658, 0.011046787303572206, 6.1015754865182045e-05, 6.1015754865182045e-05, -42.145580114225524
207, 207.0, 3.0775793880262956, 1.5385729792865954, 0.013762965786309367, 9.47096136175611e-05, 9.47096136175611e-05, -40.23605935155657
208, 208.0, -2.1713841743105533, -2.178109965183593, 0.01230224191137755, 7.567257802302718e-05, 7.567257802302718e-05, -41.21061470180669
209, 209.0, -2.099984619358446, 6.14427531518018, 0.0259729257651962, 0.0003372964364021963, 0.0003372964364021963, -34.719882471862434
210, 210.0, 1.4425830380105868, 1.191031220306273, 0.00748288841483031, 2.7996809514400833e-05, 2.7996809514400833e-05, -45.5289145755916
211, 211.0, 0.19887916602338532, -1.1035789596177956, 0.004485424292597977, 1.0059515542314032e-05, 1.0059515542314032e-05, -49.97422934028195
212, 212.0, -0.008247151156794336, -2.3889647408727925, 0.009555915904724663, 4.5657764389084886e-05, 4.5657764389084886e-05, -43.404853573498116
213, 213.0, 0.9825639793364597, -1.0750032813477912, 0.005825549283489779, 1.6968512227184138e-05, 1.6968512227184138e-05, -47.7035623427922
214, 214.0, 0.7641416014991241, -3.6460216514645407, 0.014900945618363885, 0.00011101909016071893, 0.00011101909016071893, -39.54602336180868
215, 215.0, 2.869814624030264, -1.4543794798351124, 0.012869222601331236, 8.280844518130736e-05, 8.280844518130736e-05, -40.81925369632874
216, 216.0, 1.467550840303542, -0.41472531895639153, 0.006100101715950794, 1.860562047247291e-05, 1.860562047247291e-05, -47.30355842262823
217, 217.0, 0.22208348508533007, 1.2613788194371711, 0.0051231202999302795, 1.3123180803778858e-05, 1.3123180803778858e-05, -48.81960887665943
218, 218.0, -2.4662262713009335, 2.0906055889498854, 0.012932380291224599, 8.362322999842721e-05, 8.362322999842721e-05, -40.7767306157152
219, 219.0, -1.4989614186461218, 6.412293121632, 0.026340657064642455, 0.0003469151072985492, 0.0003469151072985492, -34.597767872910154
220, 220.0, -1.162915797107372, -2.3528669367651256, 0.01049827107539856, 5.5106847786275024e-05, 5.5106847786275024e-05, -42.5879443071251
221, 221.0, -1.8484743045930396, 3.894595949536427, 0.017244006432328315, 0.00014867787891909015, 0.00014867787891909015, -38.27753643300724
222, 222.0, -1.3640308809590163, 4.285484400827509, 0.017989310956874692, 0.0001618076543515659, 0.0001618076543515659, -37.91000937828695
223, 223.0, -6.0758785716363874, -1.564225585264502, 0.02509600831968823, 0.00031490481679093043, 0.00031490481679093043, -35.01820696334804
224, 224.0, 0.46545267874636914, 4.6282123788357445, 0.018606233802577286, 0.0001730959681580848, 0.0001730959681580848, -37.61713047821245
225, 225.0, -0.21946363192483356, -4.066192515626282, 0.016288442950692535, 0.00013265668687898269, 0.00013265668687898269, -38.77270853473219
226, 226.0, 0.7742140872886272, 1.6856708294481997, 0.00741985832555716, 2.752714878566995e-05, 2.752714878566995e-05, -45.60238769746401
227, 227.0, 1.2508641154388476, 1.7364024179137703, 0.008560144290587067, 3.663803513783518e-05, 3.663803513783518e-05, -44.36067825170046
228, 228.0, 2.033575378709097, 0.4889651246676013, 0.008366137186571159, 3.499612571226439e-05, 3.499612571226439e-05, -44.55980032075941
229, 229.0, -3.35322708655682, -2.05603474858606, 0.015733485707324583, 0.00012377128625129345, 0.00012377128625129345, -39.073800957762565
230, 230.0, 4.887554926941546, -3.615671101609105, 0.024318312664782245, 0.00029569016543105425, 0.00029569016543105425, -35.29163119741897
231, 231.0, -1.5121142421910023, 0.08163434208490937, 0.006057264923702123, 1.8345229177956043e-05, 1.8345229177956043e-05, -47.36476858446055
232, 232.0, -1.1735312814686059, -3.2587148705031934, 0.013854326848071107, 9.597118620659194e-05, 9.597118620659194e-05, -40.17859137270904
233, 233.0, 1.2543189129056231, 2.8276053420173852, 0.012373305398625219, 7.654934324382399e-05, 7.654934324382399e-05, -41.16058530985403
234, 234.0, 2.0023062565294594, -2.616655758526072, 0.01317944927745597, 8.684894162851735e-05, 8.684894162851735e-05, -40.612354696486086
235, 235.0, 2.3665729975017786, 0.39340442241964824, 0.009596194905968837, 4.604347833667113e-05, 4.604347833667113e-05, -43.36831875195127
236, 236.0, 1.9548947020159286, 1.067452596715589, 0.008909382328493755, 3.96885467376384e-05, 3.96885467376384e-05, -44.01334803218799
237, 237.0, -1.57875609556871, -5.927449898032766, 0.02453638379321093, 0.00030101706482387196, 0.00030101706482387196, -35.21408883313908
238, 238.0, 0.0006899821267452484, -0.377182535158794, 0.0015087326650094117, 1.138137127233201e-06, 1.138137127233201e-06, -59.43805409282839
239, 239.0, -0.5780804523779647, -0.5639430296598034, 0.003230377687202263, 5.217670000987121e-06, 5.217670000987121e-06, -52.825233919438034
240, 240.0, -1.2891364215776433, -4.081254611928555, 0.01712005229937157, 0.00014654809536660888, 0.00014654809536660888, -38.34019821559541
241, 241.0, -1.1031936659856263, -0.7796352112343289, 0.005403506013346819, 1.4598938618137617e-05, 1.4598938618137617e-05, -48.35678717437608
242, 242.0, -2.6661977001024457, 2.9429149529616514, 0.015884260686048614, 0.0001261548687711748, 0.0001261548687711748, -38.99095983833274
243, 243.0, -3.1107169700271506, 1.7690153160105138, 0.01431417493585693, 0.00010244780204715738, 0.00010244780204715738, -39.89497354676458
244, 244.0, 2.773998362598167, 1.497684353498013, 0.012609916947171427, 7.950500270728059e-05, 7.950500270728059e-05, -40.996055432956034
245, 245.0, 3.831496369136106, -5.034725256068921, 0.025307334219408072, 0.0003202305826464114, 0.0003202305826464114, -34.9453719446439
246, 246.0, -2.937552546457326, 3.276295033909764, 0.017601510895338367, 0.0001549065928993576, 0.0001549065928993576, -38.099300980646866
247, 247.0, 0.31992231037898, 1.19362716562534, 0.004943029184938334, 1.2216768761576063e-05, 1.2216768761576063e-05, -49.13043646350659
248, 248.0, 0.11105000676496948, 3.4991113875924804, 0.014003492482538417, 9.804890085425497e-05, 9.804890085425497e-05, -40.085572704878594
249, 249.0, -4.6641268150355115, -3.629534074475426, 0.023639829625278264, 0.00027942077235609196, 0.00027942077235609196, -35.537413112343906
250, 250.0, -0.623748779296875, -1.1527863280466327e-12, -1.0, -1.0, -1.0, -1.0
251, 251.0, -4.6641268150364255, 3.6295340744749094, -1.0, -1.0, -1.0, -1.0
252, 252.0, 0.11105000676409775, -3.4991113875927193, -1.0, -1.0, -1.0, -1.0
253, 253.0, 0.31992231037882857, -1.1936271656226283, -1.0, -1.0, -1.0, -1.0
254, 254.0, -2.937552546456097, -3.2762950339104333, -1.0, -1.0, -1.0, -1.0
255, 255.0, 3.8314963691360453, 5.034725256068446, -1.0, -1.0, -1.0, -1.0
256, 256.0, 2.773998362598549, -1.4976843534977657, -1.0, -1.0, -1.0, -1.0
257, 257.0, -3.110716970027626, -1.7690153160103033, -1.0, -1.0, -1.0, -1.0
258, 258.0, -2.666197700101798, -2.9429149529636, -1.0, -1.0, -1.0, -1.0
259, 259.0, -1.1031936659866461, 0.7796352112349139, -1.0, -1.0, -1.0, -1.0
260, 260.0, -1.2891364215791972, 4.081254611928534, -1.0, -1.0, -1.0, -1.0
261, 261.0, -0.5780804523778322, 0.5639430296624952, -1.0, -1.0, -1.0, -1.0
262, 262.0, 0.0006899821239323024, 0.37718253516063655, -1.0, -1.0, -1.0, -1.0
263, 263.0, -1.5787560955715514, 5.927449898030252, -1.0, -1.0, -1.0, -1.0
264, 264.0, 1.9548947020173126, -1.0674525967201893, -1.0, -1.0, -1.0, -1.0
265, 265.0, 2.3665729975055587, -0.39340442242017265, -1.0, -1.0, -1.0, -1.0
266, 266.0, 2.002306256530277, 2.6166557585262398, -1.0, -1.0, -1.0, -1.0
267, 267.0, 1.2543189129069732, -2.827605342018693, -1.0, -1.0, -1.0, -1.0
268, 268.0, -1.1735312814666925, 3.258714870502193, -1.0, -1.0, -1.0, -1.0
269, 269.0, -1.5121142421889096, -0.08163434208676888, -1.0, -1.0, -1.0, -1.0
270, 270.0, 4.887554926940211, 3.6156711016078167, -1.0, -1.0, -1.0, -1.0
271, 271.0, -3.3532270865546203, 2.056034748586039, -1.0, -1.0, -1.0, -1.0
272, 272.0, 2.0335753787112467, -0.48896512466769904, -1.0, -1.0, -1.0, -1.0
273, 273.0, 1.2508641154398048, -1.7364024179136646, -1.0, -1.0, -1.0, -1.0
274, 274.0, 0.7742140872893657, -1.6856708294492986, -1.0, -1.0, -1.0, -1.0
275, 275.0, -0.21946363192580812, 4.066192515626252, -1.0, -1.0, -1.0, -1.0
276, 276.0, 0.4654526787470461, -4.62821237883511, -1.0, -1.0, -1.0, -1.0
277, 277.0, -6.075878571636241, 1.564225585263986, -1.0, -1.0, -1.0, -1.0
278, 278.0, -1.3640308809593138, -4.285484400828237, -1.0, -1.0, -1.0, -1.0
279, 279.0, -1.8484743045922847, -3.8945959495377833, -1.0, -1.0, -1.0, -1.0
280, 280.0, -1.1629157971066093, 2.352866936764189, -1.0, -1.0, -1.0, -1.0
281, 281.0, -1.4989614186447453, -6.412293121633304, -1.0, -1.0, -1.0, -1.0
282, 282.0, -2.4662262712977574, -2.0906055889508512, -1.0, -1.0, -1.0, -1.0
283, 283.0, 0.22208348509532105, -1.261378819432219, -1.0, -1.0, -1.0, -1.0
284, 284.0, 1.467550840300971, 0.41472531896253306, -1.0, -1.0, -1.0, -1.0
285, 285.0, 2.869814624026635, 1.4543794798373384, -1.0, -1.0, -1.0, -1.0
286, 286.0, 0.7641416014985007, 3.6460216514645243, -1.0, -1.0, -1.0, -1.0
287, 287.0, 0.9825639793360982, 1.0750032813490198, -1.0, -1.0, -1.0, -1.0
288, 288.0, -0.008247151157344087, 2.38896474087282, -1.0, -1.0, -1.0, -1.0
289, 289.0, 0.19887916602543823, 1.1035789596173555, -1.0, -1.0, -1.0, -1.0
290, 290.0, 1.4425830380107831, -1.1910312203060827, -1.0, -1.0, -1.0, -1.0
291, 291.0, -2.0999846193614875, -6.14427531518083, -1.0, -1.0, -1.0, -1.0
292, 292.0, -2.171384174311019, 2.1781099651826796, -1.0, -1.0, -1.0, -1.0
293, 293.0, 3.0775793880264026, -1.538572979286133, -1.0, -1.0, -1.0, -1.0
294, 294.0, -2.3780347231121777, 1.4042507660017955, -1.0, -1.0, -1.0, -1.0
295, 295.0, 0.11116951360906549, 0.033108120275628074, -1.0, -1.0, -1.0, -1.0
296, 296.0, -1.0783599562626607, -2.5826600526149663, -1.0, -1.0, -1.0, -1.0
297, 297.0, -3.1687370993025623, -4.748513920599622, -1.0, -1.0, -1.0, -1.0
298, 298.0, -3.2101721985083556, -3.0799154575277425, -1.0, -1.0, -1.0, -1.0
299, 299.0, -3.2375221721832506, -1.8196828408956003, -1.0, -1.0, -1.0, -1.0
300, 300.0, -1.1610180129076315, -3.0731468005274647, -1.0, -1.0, -1.0, -1.0
301, 301.0, 2.27286934063654, -2.5146830253480106, -1.0, -1.0, -1.0, -1.0
302, 302.0, 0.35246202411591765, 0.8466809494219437, -1.0, -1.0, -1.0, -1.0
303, 303.0, -0.023614616027780384, -0.6038585370864777, -1.0, -1.0, -1.0, -1.0
304, 304.0, 1.7670018922542579, -6.428598457089495, -1.0, -1.0, -1.0, -1.0
305, 305.0, -1.285827420014856, -1.87589447634255, -1.0, -1.0, -1.0, -1.0
306, 306.0, -5.557172135948373, -2.4452801412300453, -1.0, -1.0, -1.0, -1.0
307, 307.0, -2.0430420142344294, 4.670656208452073, -1.0, -1.0, -1.0, -1.0
308, 308.0, -1.8866221063354651, -2.391141161322319, -1.0, -1.0, -1.0, -1.0
309, 309.0, -2.755729837298441, 0.5957936381371528, -1.0, -1.0, -1.0, -1.0
310, 310.0, -2.373835672905569, -0.32470486490086164, -1.0, -1.0, -1.0, -1.0
311, 311.0, 0.7571612252164596, 1.7512672508653502, -1.0, -1.0, -1.0, -1.0
312, 312.0, -0.6301294488178381, 1.7380748353997122, -1.0, -1.0, -1.0, -1.0
313, 313.0, -3.11130493397477, 2.8547701821928984, -1.0, -1.0, -1.0, -1.0
314, 314.0, -3.0357132696527476, 2.0120227223871816, -1.0, -1.0, -1.0, -1.0
315, 315.0, -2.522475124580631, -0.7871694727788985, -1.0, -1.0, -1.0, -1.0
316, 316.0, -0.4682279500432847, 2.1016981889851256, -1.0, -1.0, -1.0, -1.0
317, 317.0, 7.0267984270153265, -4.924412841849178, -1.0, -1.0, -1.0, -1.0
318, 318.0, -3.877874865890426, -2.048782372071779, -1.0, -1.0, -1.0, -1.0
319, 319.0, 0.8293762078006635, 1.065684194950339, -1.0, -1.0, -1.0, -1.0
320, 320.0, 4.623806680108324, -7.878289253571095, -1.0, -1.0, -1.0, -1.0
321, 321.0, 1.8068674111962804, 3.581955916022124, -1.0, -1.0, -1.0, -1.0
322, 322.0, 1.0291977405312558, -0.9626410039430645, -1.0, -1.0, -1.0, -1.0
323, 323.0, -1.7043284418536693, -3.115189334014165, -1.0, -1.0, -1.0, -1.0
324, 324.0, -2.5718177829446147, -4.915869957620205, -1.0, -1.0, -1.0, -1.0
325, 325.0, -3.6579231275692594, 5.845275164136781, -1.0, -1.0, -1.0, -1.0
326, 326.0, -1.4966137658631669, 0.40086373474050935, -1.0, -1.0, -1.0, -1.0
327, 327.0, -0.16577186801020516, 0.946091679472173, -1.0, -1.0, -1.0, -1.0
328, 328.0, 1.3038084470328397, -2.5639593279973925, -1.0, -1.0, -1.0, -1.0
329, 329.0, -4.062794417480748, -2.3069194148662544, -1.0, -1.0, -1.0, -1.0
330, 330.0, 0.7505047473912965, 1.7277164896513206, -1.0, -1.0, -1.0, -1.0
331, 331.0, 4.252566512035763, -1.014217305806499, -1.0, -1.0, -1.0, -1.0
332, 332.0, 2.827470767884249, 0.7466648413361183, -1.0, -1.0, -1.0, -1.0
333, 333.0, -0.5812401997434095, 0.8696203233820807, -1.0, -1.0, -1.0, -1.0
334, 334.0, 1.0820957116388388, 2.109244916402575, -1.0, -1.0, -1.0, -1.0
335, 335.0, -0.6906511502404612, 2.180708112257265, -1.0, -1.0, -1.0, -1.0
336, 336.0, 3.1247667279104188, 6.582714255226419, -1.0, -1.0, -1.0, -1.0
337, 337.0, -0.16465907194977547, -0.25824872285486594, -1.0, -1.0, -1.0, -1.0
338, 338.0, 3.681068260095827, 0.9297427661951337, -1.0, -1.0, -1.0, -1.0
339, 339.0, 3.1532398466109233, 3.602428961078736, -1.0, -1.0, -1.0, -1.0
340, 340.0, -2.0214151541338, 0.4635509489738163, -1.0, -1.0, -1.0, -1.0
341, 341.0, -1.963936469328408, -1.8289028467043993, -1.0, -1.0, -1.0, -1.0
342, 342.0, -0.6834392818994331, 2.8424044402416784, -1.0, -1.0, -1.0, -1.0
343, 343.0, 1.2941321434996123, 2.880247214836257, -1.0, -1.0, -1.0, -1.0
344, 344.0, -3.0748992566119107, -0.44283997407983655, -1.0, -1.0, -1.0, -1.0
345, 345.0, 0.8570325162880308, 2.9562721459711137, -1.0, -1.0, -1.0, -1.0
346, 346.0, -3.6074065239594844, 4.664153427186638, -1.0, -1.0, -1.0, -1.0
347, 347.0, 0.4436683385855852, -0.23256273233704966, -1.0, -1.0, -1.0, -1.0
348, 348.0, -0.586899356479321, 2.706439255985724, -1.0, -1.0, -1.0, -1.0
349, 349.0, -1.496518964042026, -3.4024040171496726, -1.0, -1.0, -1.0, -1.0
350, 350.0, -3.561584991136317, 1.5994331928767322, -1.0, -1.0, -1.0, -1.0
351, 351.0, -2.3641663217448277, 4.94029348864534, -1.0, -1.0, -1.0, -1.0
352, 352.0, -1.124843409442259, 0.7888255526560721, -1.0, -1.0, -1.0, -1.0
353, 353.0, 6.177601575518004, 0.37801633986990296, -1.0, -1.0, -1.0, -1.0
354, 354.0, -2.8213732814242443, 1.487377795640334, -1.0, -1.0, -1.0, -1.0
355, 355.0, -2.8179908676929344, -1.4938363336654212, -1.0, -1.0, -1.0, -1.0
356, 356.0, -0.20332399113200458, 1.413330878239028, -1.0, -1.0, -1.0, -1.0
357, 357.0, -1.0302217557972573, 0.7916328371870789, -1.0, -1.0, -1.0, -1.0
358, 358.0, -0.5863231438522325, 3.7203504742867644, -1.0, -1.0, -1.0, -1.0
359, 359.0, 4.26185174377879, -1.154254881220396, -1.0, -1.0, -1.0, -1.0
360, 360.0, -0.37737844319141456, 3.342198384999883, -1.0, -1.0, -1.0, -1.0
361, 361.0, -4.672669676748603, -0.4456417731100508, -1.0, -1.0, -1.0, -1.0
362, 362.0, -2.0662414514048955, 0.1914703316300495, -1.0, -1.0, -1.0, -1.0
363, 363.0, 0.5750282014935841, 3.044676087067237, -1.0, -1.0, -1.0, -1.0
364, 364.0, 1.218506246877724, -0.845080693861353, -1.0, -1.0, -1.0, -1.0
365, 365.0, -0.9520437227961959, 0.5013370882690226, -1.0, -1.0, -1.0, -1.0
366, 366.0, -0.2343842449247411, -1.4318769149276356, -1.0, -1.0, -1.0, -1.0
367, 367.0, -1.2459233574840234, -0.20695758374585804, -1.0, -1.0, -1.0, -1.0
368, 368.0, -1.1528820882707647, 2.194556296745054, -1.0, -1.0, -1.0, -1.0
369, 369.0, 0.6396676257501303, 1.054450865980027, -1.0, -1.0, -1.0, -1.0
370, 370.0, -1.2995630146905484, -0.6932958015249712, -1.0, -1.0, -1.0, -1.0
371, 371.0, -5.668746971045151, -0.28474461800693507, -1.0, -1.0, -1.0, -1.0
372, 372.0, 1.0206282998117595, -3.264925579461892, -1.0, -1.0, -1.0, -1.0
373, 373.0, -1.9417340593810566, 0.6346001755204221, -1.0, -1.0, -1.0, -1.0
374, 374.0, -0.9672726686209749, -3.3466442755288117, -1.0, -1.0, -1.0, -1.0
375, 375.0, 0.5467529296873757, -3.7531433105470526, -1.0, -1.0, -1.0, -1.0
376, 376.0, -3.6702559112558286, 3.243945031395071, -1.0, -1.0, -1.0, -1.0
377, 377.0, -3.56851152807097, -0.4884692411804807, -1.0, -1.0, -1.0, -1.0
378, 378.0, -7.167380683508834, -2.0976151996412264, -1.0, -1.0, -1.0, -1.0
379, 379.0, 3.4825464790446685, 1.150041346974731, -1.0, -1.0, -1.0, -1.0
380, 380.0, 1.90467508225283, 1.2017878671468738, -1.0, -1.0, -1.0, -1.0
381, 381.0, 3.534485060784959, 2.4146368015264734, -1.0, -1.0, -1.0, -1.0
382, 382.0, -2.2859991973840645, 4.74916983849728, -1.0, -1.0, -1.0, -1.0
383, 383.0, 1.020560401293095, -3.772999361192288, -1.0, -1.0, -1.0, -1.0
384, 384.0, 1.742518116918738, 4.100822123773716, -1.0, -1.0, -1.0, -1.0
385, 385.0, -0.7173854770850072, 3.831213464510956, -1.0, -1.0, -1.0, -1.0
386, 386.0, -4.116117298292298, -0.02429500301679053, -1.0, -1.0, -1.0, -1.0
387, 387.0, 1.584760105968251, 1.6327131327571527, -1.0, -1.0, -1.0, -1.0
388, 388.0, 2.703196336831556, 3.1950770027619027, -1.0, -1.0, -1.0, -1.0
389, 389.0, -6.010211370312703, 2.0316452772598583, -1.0, -1.0, -1.0, -1.0
390, 390.0, -3.255161058681801, 0.6435567171302856, -1.0, -1.0, -1.0, -1.0
391, 391.0, -1.3445033570761067, 2.641838121899666, -1.0, -1.0, -1.0, -1.0
392, 392.0, 1.0116167522293809, -5.00504160132122, -1.0, -1.0, -1.0, -1.0
393, 393.0, -6.302313863951486, -0.28246509202721665, -1.0, -1.0, -1.0, -1.0
394, 394.0, 1.8565147453431343, -1.2565641843258064, -1.0, -1.0, -1.0, -1.0
395, 395.0, 2.9764906758831553, 0.5453758922180731, -1.0, -1.0, -1.0, -1.0
396, 396.0, 1.7732329144971002, -3.114580827055064, -1.0, -1.0, -1.0, -1.0
397, 397.0, 0.4572821246681724, -0.14543312591893667, -1.0, -1.0, -1.0, -1.0
398, 398.0, -5.310921242795509, -4.888163229621547, -1.0, -1.0, -1.0, -1.0
399, 399.0, 1.3095890322690151, 4.486435460677417, -1.0, -1.0, -1.0, -1.0
400, 400.0, -1.409477592560923, -0.8282980039219513, -1.0, -1.0, -1.0, -1.0
401, 401.0, 2.7528161759670398, 3.0551944254416226, -1.0, -1.0, -1.0, -1.0
402, 402.0, 0.2697356459162333, 1.3787224611643054, -1.0, -1.0, -1.0, -1.0
403, 403.0, -1.1196384803293224, 1.6616036805274756, -1.0, -1.0, -1.0, -1.0
404, 404.0, 0.8024200074429658, -0.7154376795274459, -1.0, -1.0, -1.0, -1.0
405, 405.0, 3.096450662872915, 4.784879528564656, -1.0, -1.0, -1.0, -1.0
406, 406.0, 0.37695595728239895, -0.8919157684363286, -1.0, -1.0, -1.0, -1.0
407, 407.0, 3.695496800434973, -0.44630175406946093, -1.0, -1.0, -1.0, -1.0
408, 408.0, -1.4487582056248172, 5.0348430190117, -1.0, -1.0, -1.0, -1.0
409, 409.0, -1.0567993413208505, -2.427789566370649, -1.0, -1.0, -1.0, -1.0
410, 410.0, 0.18716674692191337, -0.5104197712133327, -1.0, -1.0, -1.0, -1.0
411, 411.0, -0.3664710623712813, -1.9284769433800613, -1.0, -1.0, -1.0, -1.0
412, 412.0, -3.3768903075934324, -1.830546090293028, -1.0, -1.0, -1.0, -1.0
413, 413.0, -1.5916546514234866, 4.145014788480969, -1.0, -1.0, -1.0, -1.0
414, 414.0, -3.306817782960111, -0.12099910034382531, -1.0, -1.0, -1.0, -1.0
415, 415.0, -3.4878442201188555, 0.9313236092195941, -1.0, -1.0, -1.0, -1.0
416, 416.0, -1.6101303282342712, -4.352630991159543, -1.0, -1.0, -1.0, -1.0
417, 417.0, 2.470580512763922, -2.2721306345679144, -1.0, -1.0, -1.0, -1.0
418, 418.0, -4.730733422734399, 1.1959661606485583, -1.0, -1.0, -1.0, -1.0
419, 419.0, 3.193452934971586, -0.2482083709889199, -1.0, -1.0, -1.0, -1.0
420, 420.0, 0.8464430551690065, 4.024508518122441, -1.0, -1.0, -1.0, -1.0
421, 421.0, 6.146798241050828, -2.3139122327932786, -1.0, -1.0, -1.0, -1.0
422, 422.0, 1.4096222706470618, -0.6563792522152418, -1.0, -1.0, -1.0, -1.0
423, 423.0, -0.05822591028966169, 0.13522502640787293, -1.0, -1.0, -1.0, -1.0
424, 424.0, 1.728994772660691, -2.8858133295237605, -1.0, -1.0, -1.0, -1.0
425, 425.0, -1.3360677107466237, -1.4689766385145508, -1.0, -1.0, -1.0, -1.0
426, 426.0, -1.3036516975117625, -2.2743848612867628, -1.0, -1.0, -1.0, -1.0
427, 427.0, 1.7973271617810822, -0.6005005844838238, -1.0, -1.0, -1.0, -1.0
428, 428.0, -0.4171378323402314, -1.3961866975459876, -1.0, -1.0, -1.0, -1.0
429, 429.0, -1.7623988734867986, -0.7315923616041796, -1.0, -1.0, -1.0, -1.0
430, 430.0, 1.582179262199805, -0.36087168915471407, -1.0, -1.0, -1.0, -1.0
431, 431.0, -0.1192086568701137, -2.0115974602767195, -1.0, -1.0, -1.0, -1.0
432, 432.0, -2.440783832024079, 2.425149033447056, -1.0, -1.0, -1.0, -1.0
433, 433.0, 1.303098754383979, 4.022366945407572, -1.0, -1.0, -1.0, -1.0
434, 434.0, -6.201534256614216, 3.630702809277227, -1.0, -1.0, -1.0, -1.0
435, 435.0, 0.9809167215670009, 1.4404013719724829, -1.0, -1.0, -1.0, -1.0
436, 436.0, -1.403391487048665, -0.16285138867992477, -1.0, -1.0, -1.0, -1.0
437, 437.0, 2.286454176519767, -3.245345836337476, -1.0, -1.0, -1.0, -1.0
438, 438.0, 1.5977448850447937, -1.0559809704263499, -1.0, -1.0, -1.0, -1.0
439, 439.0, -1.5451974976268974, 3.6015649467009716, -1.0, -1.0, -1.0, -1.0
440, 440.0, 1.0525018251935505, -4.819052073383075, -1.0, -1.0, -1.0, -1.0
441, 441.0, 5.387427126022018, -0.4271853947651544, -1.0, -1.0, -1.0, -1.0
442, 442.0, 1.5360603107846902, -4.491683433897566, -1.0, -1.0, -1.0, -1.0
443, 443.0, 0.057061964628321526, -0.8746847390164517, -1.0, -1.0, -1.0, -1.0
444, 444.0, 1.5124727398509235, -2.021957503418556, -1.0, -1.0, -1.0, -1.0
445, 445.0, 0.4707553061311356, -3.004837573026829, -1.0, -1.0, -1.0, -1.0
446, 446.0, 4.258816024425557, 0.49780993247518807, -1.0, -1.0, -1.0, -1.0
447, 447.0, -0.8761742714845511, -2.832908473889377, -1.0, -1.0, -1.0, -1.0
448, 448.0, 0.6946616879420356, 3.485565352164437, -1.0, -1.0, -1.0, -1.0
449, 449.0, -4.032654784408547, 2.972977024815007, -1.0, -1.0, -1.0, -1.0
450, 450.0, -1.9454035342568614, -10.443957601162788, -1.0, -1.0, -1.0, -1.0
451, 451.0, -5.422241776073569, -4.677880628445514, -1.0, -1.0, -1.0, -1.0
452, 452.0, 0.19788655883359701, 1.0555793920187566, -1.0, -1.0, -1.0, -1.0
453, 453.0, -2.971100863200524, 2.4613005706608053, -1.0, -1.0, -1.0, -1.0
454, 454.0, -1.6096755124057436, -0.6111944620871032, -1.0, -1.0, -1.0, -1.0
455, 455.0, 3.405360790864212, -1.6560382002582983, -1.0, -1.0, -1.0, -1.0
456, 456.0, 0.5016389512823699, 1.098114263052008, -1.0, -1.0, -1.0, -1.0
457, 457.0, -2.501036814165541, -2.4139621630846584, -1.0, -1.0, -1.0, -1.0
458, 458.0, 2.2390355588447046, 2.6165809570013834, -1.0, -1.0, -1.0, -1.0
459, 459.0, -2.0132503265983273, 1.9031721738338132, -1.0, -1.0, -1.0, -1.0
460, 460.0, 5.343956286650604, 0.4808420733270061, -1.0, -1.0, -1.0, -1.0
461, 461.0, -1.4290827569008688, 0.5768022816250641, -1.0, -1.0, -1.0, -1.0
462, 462.0, -1.179100917077483, -3.5383794799962476, -1.0, -1.0, -1.0, -1.0
463, 463.0, 2.271430291324264, -1.5160542981634029, -1.0, -1.0, -1.0, -1.0
464, 464.0, 5.491891973860776, -1.6744720173433143, -1.0, -1.0, -1.0, -1.0
465, 465.0, -0.05640762752504963, -2.274499863352776, -1.0, -1.0, -1.0, -1.0
466, 466.0, -0.06363452607841001, -1.2702827749517671, -1.0, -1.0, -1.0, -1.0
467, 467.0, 0.20941738782419514, 3.5166978877898094, -1.0, -1.0, -1.0, -1.0
468, 468.0, 3.479348179876174, 2.7652497754775007, -1.0, -1.0, -1.0, -1.0
469, 469.0, -1.1147873186043886, 0.7918086172342351, -1.0, -1.0, -1.0, -1.0
470, 470.0, -4.106085085367493, 5.721424727787263, -1.0, -1.0, -1.0, -1.0
471, 471.0, -1.1123734318327108, -1.8642192974177034, -1.0, -1.0, -1.0, -1.0
472, 472.0, 0.4382447988142259, -0.9755905730367163, -1.0, -1.0, -1.0, -1.0
473, 473.0, -0.04788555504601186, 0.4249784776294509, -1.0, -1.0, -1.0, -1.0
474, 474.0, -3.4752367733089518, 1.6334371652348545, -1.0, -1.0, -1.0, -1.0
475, 475.0, 1.4609825464140693, -4.66782978101623, -1.0, -1.0, -1.0, -1.0
476, 476.0, -2.8895239550504557, -1.058752296774729, -1.0, -1.0, -1.0, -1.0
477, 477.0, -0.12687272757033366, 2.766408854877057, -1.0, -1.0, -1.0, -1.0
478, 478.0, 0.9424908535652792, 0.1727757561711552, -1.0, -1.0, -1.0, -1.0
479, 479.0, 0.16275492040615197, -0.8505723154272544, -1.0, -1.0, -1.0, -1.0
480, 480.0, -2.536870121169531, 1.181571462727456, -1.0, -1.0, -1.0, -1.0
481, 481.0, -0.5929608045375624, -2.771937264131592, -1.0, -1.0, -1.0, -1.0
482, 482.0, -0.21026225553108047, -3.5613021799647275, -1.0, -1.0, -1.0, -1.0
483, 483.0, 3.9426771369773284, -2.566642839928153, -1.0, -1.0, -1.0, -1.0
484, 484.0, 7.556327922377599, 2.4024612802027403, -1.0, -1.0, -1.0, -1.0
485, 485.0, 1.8030456769254737, -0.7972478099942163, -1.0, -1.0, -1.0, -1.0
486, 486.0, -3.7107852963337056, -3.0484434758106027, -1.0, -1.0, -1.0, -1.0
487, 487.0, 0.09127376717175305, 0.9623104160677632, -1.0, -1.0, -1.0, -1.0
488, 488.0, 2.7979326488764866, 2.2730773297299662, -1.0, -1.0, -1.0, -1.0
489, 489.0, 0.49336976269081234, -3.1499739716983086, -1.0, -1.0, -1.0, -1.0
490, 490.0, 5.567834821111337, 242.69418632036653, -1.0, -1.0, -1.0, -1.0
491, 491.0, -0.961586846388966, 5.1552320618037335, -1.0, -1.0, -1.0, -1.0
492, 492.0, -0.5307688949700462, -0.06801117604202583, -1.0, -1.0, -1.0, -1.0
493, 493.0, -0.257966794070552, 0.8989040370453786, -1.0, -1.0, -1.0, -1.0
494, 494.0, -0.5085850809857808, -4.623858857861311, -1.0, -1.0, -1.0, -1.0
495, 495.0, 0.45854123961960425, 1.4011089723275418, -1.0, -1.0, -1.0, -1.0
496, 496.0, 1.898829613356245, 0.36776754093286623, -1.0, -1.0, -1.0, -1.0
497, 497.0, 3.049055193877218, 4.1068617314025015, -1.0, -1.0, -1.0, -1.0
498, 498.0, 0.23333251297419738, -0.017066232776222153, -1.0, -1.0, -1.0, -1.0
499, 499.0, -3.035971024527155, -1.068034001726832, -1.0, -1.0, -1.0, -1.0
