-0.999, 1.8319706728364182e-07
-0.998, -5.007386505752876e-06
-0.997, -3.2181618152826414e-05
-0.996, -4.854722283016509e-06
-0.995, 8.030138115932966e-05
-0.994, 0.00019666205172898948
-0.993, 0.00021049343030890444
-0.992, 3.5204369763006506e-05
-0.991, -0.00022582091827163582
-0.99, -0.00030267208799712356
-0.989, -0.0003115266129158329
-0.988, -7.202698028701852e-05
-0.987, 0.0004418407934435968
-0.986, 0.0006338313199568534
-0.985, 0.0003124731310967984
-0.984, -0.00017177778342296148
-0.983, -0.0006015581032703852
-0.982, -0.0004595803761255628
-0.981, 7.166058615245123e-05
-0.98, 0.0005792385939063281
-0.979, -0.00022878260419272137
-0.978, 0.0005968865780546524
-0.977, -0.00032596864838669334
-0.976, -0.00033671620966733366
-0.975, 0.00034865455188531766
-0.974, 0.001547526693034017
-0.973, -0.001516169461683967
-0.972, 0.0005499575959854927
-0.971, -0.0007916861262662581
-0.97, -0.0010857174192565031
-0.969, 0.0003391893700756628
-0.968, 0.0006190839560405203
-0.967, -0.0009180615698474237
-0.966, 0.00014264944972486242
-0.965, -0.0006569446832791396
-0.964, 0.0003194346196535768
-0.963, 0.00043243667732303654
-0.962, 0.00018884564352488744
-0.961, -0.0008137003071848424
-0.96, -0.0003956140667990245
-0.959, -0.001237648853723737
-0.958, -0.0001344666473861931
-0.957, 0.0016748791876406953
-0.956, 0.0007544971216076788
-0.955, -0.00012469613713106552
-0.954, -0.00010869692658829415
-0.953, 0.00046171767524387194
-0.952, -0.0007769082295053777
-0.951, 0.0014504017145291397
-0.95, -0.0004113384817408704
-0.949, -0.00012396334886193095
-0.948, -0.0008455155312031016
-0.947, -0.0013717185741308154
-0.946, 0.0009801959085011256
-0.945, 0.0004319786846548274
-0.944, 0.0008318673496904703
-0.943, 0.0003427922457322411
-0.942, -0.0015620603270385192
-0.941, -0.00015608390132566284
-0.94, 0.0002933901032547524
-0.939, 0.0005440036912987743
-0.938, 0.0008861242144509755
-0.937, 0.0010677030409736118
-0.936, -0.0012676015742246122
-0.935, 0.0020559596204352175
-0.934, 0.0005469653772198599
-0.933, 0.00039729337324912454
-0.932, 0.00017770115526513256
-0.931, -0.0002472549751438219
-0.93, -0.0013403002770916708
-0.929, 0.0005416221294240871
-0.928, 0.0004258415829008254
-0.927, -0.0010178123729833667
-0.926, 0.0011273642192189844
-0.925, 0.0005987185487274887
-0.924, -0.0022130816384754877
-0.923, 0.002129879637084167
-0.922, -0.00037482119966233116
-0.921, -0.0014485392110117558
-0.92, 0.0003392199029202101
-0.919, -0.0009676163765476488
-0.918, -0.0015453893939157079
-0.917, 0.0012031772722298649
-0.916, -0.001268364895338294
-0.915, 0.0015042616523105303
-0.914, 0.0017346319644197098
-0.913, -0.0012431447657422462
-0.912, -0.0010174154460042522
-0.911, 0.002415392266445723
-0.91, 0.00018927310334854928
-0.909, 0.0010735653471266884
-0.908, 0.0014088770459448473
-0.907, -0.0005311188308998249
-0.906, -0.0006910498706384443
-0.905, 0.0015098796957072286
-0.904, -0.00010808626969734868
-0.903, 0.0013335525184467233
-0.902, -0.0012450072692596298
-0.901, -0.003013927618105928
-0.9, -0.00034666991698974485
-0.899, 0.00186039675110993
-0.898, 0.0014623705895916708
-0.897, 0.0017141138928839419
-0.896, -0.0015898757484210854
-0.895, -0.0011263871681934717
-0.894, -9.037721985992996e-06
-0.893, 5.5203382941470736e-05
-0.892, -0.00012533732686655828
-0.891, 0.00030883972259567285
-0.89, -0.0010979000242308655
-0.889, -0.0010814733538644322
-0.888, 0.00234767041723987
-0.887, -0.0007104992926150576
-0.886, -0.0002906421472454977
-0.885, -0.0005560641648949475
-0.884, -0.0020457005846673338
-0.883, -0.0011233338837387443
-0.882, -0.00026252139741745874
-0.881, -0.0013355982190313906
-0.88, 0.002708538106944097
-0.879, 0.0009546399176150576
-0.878, -0.0023650130729427213
-0.877, 0.001574426129080165
-0.876, 0.00036016543427963983
-0.875, 0.000467641047086043
-0.874, 0.0006530364791770886
-0.873, -0.00016286219281515759
-0.872, -0.000834737437077914
-0.871, 0.00023305720242933968
-0.87, -0.002295550851597674
-0.869, 0.001053657932481866
-0.868, 0.0013009739733147825
-0.867, -0.002218119557825788
-0.866, -0.00047945725792583794
-0.865, -0.0013293389858991995
-0.864, 0.00024713284376563283
-0.863, -0.0023664786494809907
-0.862, 0.0026611205993621813
-0.861, -0.0013978546890632817
-0.86, -0.0012979817545491496
-0.859, -0.00010787253978551776
-0.858, -0.001362192326632066
-0.857, 0.0018034224631847174
-0.856, 0.0026545865706290644
-0.855, -0.0013193242128876938
-0.854, -0.0005684604997811405
-0.853, -0.0006121835331728364
-0.852, 0.0005146310948442971
-0.851, 0.0006533418076225613
-0.85, 1.0472765679714858e-05
-0.849, -0.00176699677963982
-0.848, -0.000613252182731991
-0.847, -0.0015680447645697849
-0.846, -0.000812204197802026
-0.845, -0.0011800639089075788
-0.844, -0.0004002550591702101
-0.843, -0.00035582977035392697
-0.842, 0.0004955785998467984
-0.841, -0.00045948877759192095
-0.84, 0.0003878892571285643
-0.839, 0.0031965445613431715
-0.838, 0.0016257823736086792
-0.837, -0.0002485373546148074
-0.836, 0.00246335936522949
-0.835, -0.0018003386458854426
-0.834, 0.004463169084542271
-0.833, 0.002345899512256128
-0.832, 0.000368439835151951
-0.831, -0.00011400964153951976
-0.83, 0.0008047847165770385
-0.829, -0.0017830570558716858
-0.828, -0.0008496069323724362
-0.827, 0.001661444736039895
-0.826, -0.004084928206290645
-0.825, -0.002176808619153327
-0.824, -0.00201046568205978
-0.823, 0.0008388593710917959
-0.822, 0.0019337366437124812
-0.821, -0.0004978380303432967
-0.82, -0.002473068809795523
-0.819, 0.0007789233972454977
-0.818, -0.0006631428507222361
-0.817, -0.0010791223248342921
-0.816, 0.002392523165879815
-0.815, -0.0003969880448036518
-0.814, -0.001612134192096048
-0.813, 0.0027343688934310904
-0.812, 0.0008588889171148074
-0.811, -0.000950334786533892
-0.81, -0.0006910498706384443
-0.809, -0.0001353826327226113
-0.808, -0.00015956464560405202
-0.807, 0.0006129163214419709
-0.806, 0.0004428178444691096
-0.805, -0.00034370823106865935
-0.804, -0.0004953648699349675
-0.803, -0.0011091666438688094
-0.802, 0.0019633840357678838
-0.801, 0.0024579855845891694
-0.8, -0.0008651481502469985
-0.799, -0.00021269179511630815
-0.798, 0.0007074460081603302
-0.797, -7.230177588794397e-05
-0.796, -0.0002767802358210355
-0.795, -8.961389874624813e-05
-0.794, -0.002117025309529765
-0.793, -0.00032526639296210605
-0.792, -0.0005067841537956478
-0.791, -0.0015165663886630815
-0.79, -0.0022416298481271885
-0.789, -0.000749611866480115
-0.788, -0.0008177001098205352
-0.787, -0.0013657341365995498
-0.786, -0.0026328471853114058
-0.785, 0.001261220209714232
-0.784, -0.0014555617652576287
-0.783, -0.0007513522386193097
-0.782, -0.0013086071844516007
-0.781, -0.0018119411268134066
-0.78, -0.0006366403416552026
-0.779, -0.0023781727289425964
-0.778, -0.0002487816173711856
-0.777, 0.001187116995997999
-0.776, -0.00014805376320972986
-0.775, -0.0022295693745310154
-0.774, -0.0016438883504252125
-0.773, 0.0037029012553151577
-0.772, -0.0015903337410892947
-0.771, -0.003537168975112556
-0.77, 1.9174626375687842e-05
-0.769, 0.0029570754615589044
-0.768, 0.0007147738908516759
-0.767, 0.004775367420038144
-0.766, 0.002153664722986493
-0.765, -0.0008653618801588294
-0.764, -0.0009523194214294648
-0.763, -0.0003224573712637569
-0.762, -0.0015519844883379189
-0.761, 0.0012611896768696849
-0.76, 0.0008654534786924713
-0.759, -0.0017251973154546023
-0.758, -0.00017171671773386692
-0.757, -0.0006678449087825163
-0.756, -0.001224702927635693
-0.755, 0.0025417982428714357
-0.754, -0.002428582455290145
-0.753, -0.0014973612294428465
-0.752, -0.0003619058064188344
-0.751, -0.0006062296284861181
-0.75, -0.0006451895381284392
-0.749, -0.001622942819065783
-0.748, -0.0022793684439876187
-0.747, -0.005516765951335043
-0.746, 0.0008469505748968235
-0.745, 0.0002375455305777889
-0.744, -0.00016078595938594296
-0.743, 0.0030080653119528514
-0.742, -0.0018156050681590796
-0.741, 0.0005386909763475488
-0.74, -0.0017407690661737118
-0.739, -0.0003542420624374687
-0.738, -0.00215885530655953
-0.737, 0.0017188770166333166
-0.736, 0.0005978330962356178
-0.735, -0.0004106972920053777
-0.734, 0.0020990109312468736
-0.733, -0.0022738725319691095
-0.732, 0.002737452710730365
-0.731, 3.7891260083166585e-05
-0.73, -0.00039689644627001003
-0.729, -0.00011981088200350175
-0.728, 0.0012367939340764131
-0.727, 0.00032178564868371687
-0.726, 0.0024409787901763383
-0.725, -0.0004802816447286143
-0.724, -0.00041491082455290143
-0.723, -0.0025384701628157827
-0.722, -0.0001308637717296148
-0.721, -0.002078676056778389
-0.72, 0.0032416415727394947
-0.719, -0.0005798187179527264
-0.718, -8.249974596673337e-05
-0.717, -0.0007081177307403702
-0.716, -0.0032362677920991746
-0.715, -0.001625629709385943
-0.714, -0.00332389705594985
-0.713, 0.0007280251453851926
-0.712, -0.0025962383046992245
-0.711, 0.0011015334327319909
-0.71, -0.0005380497866120561
-0.709, -0.0005084634602457479
-0.708, -0.001949888518477989
-0.707, -0.0014847206318002752
-0.706, 0.004484816871326288
-0.705, -0.0018124601851707103
-0.704, -0.0009930502360555279
-0.703, 0.00029366489885567784
-0.702, 0.002883277576288144
-0.701, -0.0031127319030609057
-0.7, 0.0018830215889194598
-0.699, -0.0019350800888725613
-0.698, 0.0009299693792208604
-0.697, 0.001590028412643822
-0.696, -0.0001681443749218359
-0.695, 0.0016363162049774888
-0.694, 0.002744688994888069
-0.693, -0.0005267221012850175
-0.692, -0.0027494215857928966
-0.691, -0.0016224542935530265
-0.69, 0.0028263948868965734
-0.689, -3.837978559592296e-05
-0.688, -0.0011040676588294147
-0.687, 4.549393837543772e-06
-0.686, -0.0018797851073974487
-0.685, 0.00045790106967546275
-0.684, -0.0019075089302463732
-0.683, -0.0010403456122592546
-0.682, 0.001702389280577789
-0.681, -0.002103651923618059
-0.68, 0.002186884457853927
-0.679, -0.0002017305039238369
-0.678, -0.001061688070597799
-0.677, -0.0023315490753189096
-0.676, -0.000283863855756003
-0.675, 0.0006566393548336669
-0.674, 0.0038987083873968232
-0.673, 0.0006645473615714108
-0.672, 0.0010496886626907205
-0.671, 0.0012875700545585292
-0.67, 0.000170831265241996
-0.669, -0.0036341412893946975
-0.668, -0.0012700136689438469
-0.667, -0.00019012802299587294
-0.666, -0.0017132895060811657
-0.665, 0.0015140321625656578
-0.664, 0.0032786473803307903
-0.663, 0.0033614219218984494
-0.662, 0.0010830915946254376
-0.661, -0.004360059668506128
-0.66, -0.0031239985226988493
-0.659, -0.0010471849694378439
-0.658, 0.0003091450510411456
-0.657, 0.0010680389022636318
-0.656, 0.0044506506182778885
-0.655, -0.0016349727598174088
-0.654, 0.00044987093155952977
-0.653, -0.00064036534868997
-0.652, 0.00010796413831915958
-0.651, -0.00040773560608429213
-0.65, -0.00043610061866870934
-0.649, -0.0015724720270291397
-0.648, 0.0003183659700944222
-0.647, 0.0033498805066595797
-0.646, -0.00039414849026075537
-0.645, 0.002051074365307654
-0.644, -0.00085382046491996
-0.643, 0.0038512908798149074
-0.642, 0.0006877217905827914
-0.641, 0.0015945472736368185
-0.64, -0.000795014206321911
-0.639, -0.001516505322973987
-0.638, -0.0006775543533485492
-0.637, -0.00022719489627626312
-0.636, 0.0018650988091702101
-0.635, -0.003302798860367684
-0.634, 0.0020610586054746124
-0.633, 0.0025416150458041522
-0.632, -0.0017960335148042772
-0.631, -0.001413976030984242
-0.63, -0.003612127108476113
-0.629, 0.002625061309951851
-0.628, -0.00037875993660892946
-0.627, 0.006802931495044397
-0.626, -0.0010028207463106554
-0.625, 0.0037167021010505253
-0.624, 0.0017959724491151826
-0.623, -0.0012449767364150826
-0.622, -0.002103896186374437
-0.621, -0.0012428089044522262
-0.62, -0.002594039939891821
-0.619, 0.0003923470524324662
-0.618, 0.00045435925970797896
-0.617, -0.00011391804300587794
-0.616, 0.0017473030949068285
-0.615, -0.001368329428386068
-0.614, -0.0025155705294053277
-0.613, -0.0024595427596610805
-0.612, -0.0016343621029264632
-0.611, 0.0013263162342890195
-0.61, 0.003308081042474362
-0.609, -0.0016865427342577538
-0.608, -0.00011819264124249625
-0.607, 0.004638641342155453
-0.606, -0.0016736884067033518
-0.605, 0.00043854324623249127
-0.604, 0.0011522484875250126
-0.603, -0.0007993804030921711
-0.602, -0.0012827763979646072
-0.601, 0.004323298123671211
-0.6, 0.0012884555070504001
-0.599, 0.00019986800040645324
-0.598, 0.003038109630987369
-0.597, 0.0004620840693784392
-0.596, 0.0021644122842671334
-0.595, 0.0008613315446785892
-0.594, 0.003599486510833542
-0.593, 0.0001494277412143572
-0.592, 0.0023608911389288393
-0.591, -0.001230412569566033
-0.59, -0.0004228188312906453
-0.589, 0.0021032855294834917
-0.588, 0.004100408358476113
-0.587, -0.0005625676607835168
-0.586, 0.0014603248890070035
-0.585, 0.0009696315442877689
-0.584, -2.6838370357053527e-05
-0.583, 0.003492285693628064
-0.582, -0.005259251940423337
-0.581, -0.001008683052463732
-0.58, 0.003502208868105928
-0.579, -0.0009489608085292646
-0.578, -0.0014772095520416458
-0.577, 0.00043900123890070034
-0.576, -0.0009071918771885943
-0.575, -0.002597612282703852
-0.574, -0.0009596473041208105
-0.573, -0.002185876873983867
-0.572, -0.0010395822911455728
-0.571, 0.0010213847157953977
-0.57, -0.00015446566056465734
-0.569, -0.005632424366480115
-0.568, 0.0016476438903045272
-0.567, -0.005104022958744997
-0.566, -0.0015101850241527014
-0.565, -0.0005548123182685092
-0.564, 2.0212743090295147e-05
-0.563, 0.0028425772945066285
-0.562, -0.00248015242973049
-0.561, -0.0013777335445066283
-0.56, 0.0009586091874062031
-0.559, 0.000815440679324037
-0.558, 0.0004060562996341921
-0.557, -0.00023385105638756878
-0.556, 0.00024249185139444722
-0.555, 0.003116273713028389
-0.554, 0.002641487980318284
-0.553, -0.002582437458963857
-0.552, -0.0011055027025231366
-0.551, 0.0024260482291927213
-0.55, 0.0017394561538581791
-0.549, -0.00012399388170647823
-0.548, -0.0019190808783297899
-0.547, -5.2333295554027014e-05
-0.546, -0.001439074029202101
-0.545, 0.002635015017274262
-0.544, -0.0030170114354052028
-0.543, -0.005214918250140695
-0.542, -0.002137482315376438
-0.541, -0.0028374172437781392
-0.54, -0.0017478832189532266
-0.539, -0.0007484210855427714
-0.538, 0.004785626455806028
-0.537, 0.0032276880627813906
-0.536, -0.0007000265269353427
-0.535, 0.0012735554789113307
-0.534, 0.0033914662409329664
-0.533, 0.0016023942146854678
-0.532, -0.0019063181493090295
-0.531, 0.0024655577300368935
-0.53, -0.001152859144415958
-0.529, 0.0006817678858960731
-0.528, 0.00032584651700850423
-0.527, 0.0018781058009473487
-0.526, -0.0007124533946660831
-0.525, 0.0026263436894228363
-0.524, -0.004070974696332541
-0.523, -0.000831287225644072
-0.522, -0.002557461592124187
-0.521, -0.0010251707885192596
-0.52, 0.003980047885270761
-0.519, -0.0029931042181246875
-0.518, 0.002888529225550275
-0.517, -0.000968532361884067
-0.516, 0.0005813758930246373
-0.515, -0.0010176597087606302
-0.514, 0.00094386182348987
-0.513, 0.0004118270072536268
-0.512, 0.001543618488931966
-0.511, 0.0007048507163738119
-0.51, -0.0014486002767008504
-0.509, -0.0012463201815751627
-0.508, 0.0021605040801650826
-0.507, -0.004131979319737994
-0.506, -0.003807048788065908
-0.505, -0.001955934021698349
-0.504, 0.002128872053214107
-0.503, 0.0012935850249343422
-0.502, 0.0003847443741401951
-0.501, -7.935486297836418e-05
-0.5, -0.0014438066201069284
-0.499, 0.0004087737227988994
-0.498, 0.0013205149938250375
-0.497, 0.0018818613408266634
-0.496, -0.002213112171320035
-0.495, -0.0020658827949130813
-0.494, 0.0033365681864369686
-0.493, 0.00028816898683716856
-0.492, 0.0021560462848611807
-0.491, 0.0012200314024199599
-0.49, -0.005251924057731991
-0.489, 0.0006783176744622311
-0.488, 4.216585831978489e-05
-0.487, -0.0008160208033704353
-0.486, -0.0020413954535861683
-0.485, 0.0008134865772730115
-0.484, -0.0001137348459385943
-0.483, -0.0017875759168646823
-0.482, -0.00019266224909329665
-0.481, -0.0013929694339357178
-0.48, -0.0007695498139694847
-0.479, -0.0027026758007910206
-0.478, 0.001122295767024137
-0.477, -0.003469080731772136
-0.476, 0.0023402509360148822
-0.475, 4.274598236618309e-07
-0.474, 0.0008147384238994497
-0.473, -0.0012047649801463231
-0.472, -0.0007145906937843922
-0.471, -0.0020817904069222112
-0.47, 0.000744238085839795
-0.469, 0.002361623927197974
-0.468, 0.0025361801994747374
-0.467, 0.0016189735492746374
-0.466, 0.0014836214493965732
-0.465, -0.004891453295006879
-0.464, 3.902097533141571e-05
-0.463, 9.294197880190096e-05
-0.462, 0.0036463544272136066
-0.461, -0.0038906171835917957
-0.46, -0.0009441366190907954
-0.459, -0.001136127145604052
-0.458, 0.0006889431043646824
-0.457, 0.0054402201100550275
-0.456, -0.00030694668623374187
-0.455, 0.0006562424278545523
-0.454, 0.003341789302854552
-0.453, 0.00010518564946535768
-0.452, 0.000476342907782016
-0.451, 0.0023939276767289894
-0.45, -0.005559420335167584
-0.449, -0.001658666247186093
-0.448, -0.003223382931700225
-0.447, 0.00040868212426525764
-0.446, -0.00010918545210105053
-0.445, 0.006893736174727989
-0.444, -0.0017487992042896448
-0.443, 0.003139936667552526
-0.442, 0.0011160975995810406
-0.441, 0.0011246467960542772
-0.44, -0.0009655096102738869
-0.439, 0.0015430078320410206
-0.438, -0.0019197220680652826
-0.437, 0.003726014618637444
-0.436, -0.0006008863806903452
-0.435, 6.124888616183092e-05
-0.434, 0.0032630450967671334
-0.433, -0.0034539669737212357
-0.432, -0.00023656847955227613
-0.431, 0.0013583451882191095
-0.43, -0.00228865042872999
-0.429, 0.0021228876156828415
-0.428, -0.000348807216108054
-0.427, -0.002421437769666083
-0.426, 0.00304806333830978
-0.425, -0.006126201528498625
-0.424, -0.001911630864260255
-0.423, 0.00222190563054965
-0.422, 0.002176625422086043
-0.421, 0.003581869059529765
-0.42, -0.0014638056332853928
-0.419, -0.003966643966514507
-0.418, -0.0037203049767071034
-0.417, -0.001754966838888194
-0.416, 0.00027894806778389194
-0.415, -0.002359853022214232
-0.414, -0.00047362548461730866
-0.413, -0.0026128787049774886
-0.412, 0.004044136325975487
-0.411, 0.0022909403920710354
-0.41, -0.0017244645271854678
-0.409, -0.0024845796921898447
-0.408, -9.24229204445973e-05
-0.407, 0.004227424991792772
-0.406, 0.006735942434107679
-0.405, 0.001770904983741871
-0.404, -0.00356232803901951
-0.403, -0.002559873686843422
-0.402, 0.0028894452108866936
-0.401, 0.0020642950869966233
-0.4, 0.002500731566955353
-0.399, 0.001748493875844172
-0.398, -0.0043463504213044025
-0.397, 0.0038002704965764134
-0.396, -0.0010638864354052026
-0.395, 0.006259385796413832
-0.394, -0.0015580910572473737
-0.393, -0.0015791892528295398
-0.392, -0.0029619912495310154
-0.391, 0.0021329329215388944
-0.39, 0.0029988138600550275
-0.389, -0.0012554800349393446
-0.388, 0.004074760769056403
-0.387, -0.0013668943846923461
-0.386, -6.839357178589295e-05
-0.385, 0.00041826943745310155
-0.384, -0.004906994512881441
-0.383, -0.005448219715326413
-0.382, -0.0019184702214388445
-0.381, 0.00045774840545272636
-0.38, 0.000900688381300025
-0.379, -0.0011438824881190594
-0.378, 0.0034423950256378187
-0.377, -0.00046272525911393196
-0.376, 0.0027480781406328163
-0.375, -0.0033514071488869434
-0.374, -0.0019957793838325413
-0.373, -0.003042048367933967
-0.372, 0.004097355074021386
-0.371, -0.002928221923461731
-0.37, 0.005318363527466859
-0.369, -0.005429350417396198
-0.368, 0.00021165367840170085
-0.367, 0.0014027094113462982
-0.366, -0.00036257752899887443
-0.365, 0.006840181565392071
-0.364, -0.0006184732991495748
-0.363, 0.0012520908891945973
-0.362, -0.0024244910541208102
-0.361, 0.0049459238896792145
-0.36, 0.004779489354052026
-0.359, 0.0026334578422023513
-0.358, 0.00177270642157016
-0.357, -0.0010702677999155827
-0.356, -0.0021634657660861683
-0.355, 0.0024267504846173086
-0.354, -0.00013721460339544773
-0.353, 0.0022861467354771134
-0.352, -0.0001696710171491996
-0.351, -0.0015339701100550275
-0.35, -0.0011325853356365682
-0.349, 0.0005440036912987743
-0.348, -0.0012658306692408705
-0.347, -0.0040291141664582295
-0.346, 0.0025617361903608055
-0.345, -0.002369989926603927
-0.344, 0.002092843296648324
-0.343, 0.0005541100628439219
-0.342, -0.002320435119903702
-0.341, 0.004038884676713357
-0.34, -0.0032486030612962733
-0.339, 0.0023111531351613307
-0.338, -0.0033833139714388445
-0.337, -0.001189132163738119
-0.336, -0.006878133891164332
-0.335, 0.0015576941302682592
-0.334, -0.0004123460656109305
-0.333, -0.007261656951522637
-0.332, -0.001422006169100175
-0.331, 0.0019635672328351676
-0.33, 0.0028482258707478738
-0.329, 0.0017966136388506753
-0.328, 0.002757207461152451
-0.327, -0.005618470856522011
-0.326, -0.0015106430168209104
-0.325, 0.0010355824885098799
-0.324, 0.002772351752047899
-0.323, -0.0006918437245966734
-0.322, 0.004466924624421586
-0.321, -0.0013820081427432466
-0.32, -0.0005257145174149575
-0.319, 0.0011162197309592297
-0.318, -0.004252522990010631
-0.317, -0.002057577861196223
-0.316, -0.003735754596048024
-0.315, 0.002621183638694347
-0.314, -0.00018777699396573287
-0.313, 0.0005705977988994497
-0.312, 0.0019715668381065535
-0.311, -0.0026665249128470484
-0.31, 0.001594944200615933
-0.309, 0.0014401121459167083
-0.308, -0.0012559074947630065
-0.307, -0.0030837867664300902
-0.306, -0.0030317282664769885
-0.305, 0.0019418889132066033
-0.304, 0.0013828019967014758
-0.303, 0.0014883235074568534
-0.302, 0.001049993991136193
-0.301, 0.000286428614697974
-0.3, 0.0010557646987556278
-0.299, 0.0038184986047711355
-0.298, 0.0019029290035642822
-0.297, 0.005437197358444847
-0.296, -0.0007559932309904952
-0.295, -0.0006775543533485492
-0.294, 0.0007324524078445473
-0.293, 0.0006670510548242871
-0.292, -0.001872670954617934
-0.291, -0.0005674834487556278
-0.29, -0.005832658761021136
-0.289, 0.0008304323059967484
-0.288, 0.003424319581665833
-0.287, -0.0008041435268415458
-0.286, 0.002537126717655703
-0.285, 0.0019797496404452227
-0.284, 0.0019446674020604051
-0.283, -0.00015177877024449726
-0.282, 0.003591059445738494
-0.281, 0.0011622632605365183
-0.28, -0.005383581683419835
-0.279, 0.00020621883207228614
-0.278, -0.0037496165074724862
-0.277, 0.0016010507695253878
-0.276, 0.0019662235903107803
-0.275, -0.00023043137779827413
-0.274, 0.00027916179769572284
-0.273, -0.0012190543513944472
-0.272, -0.0037817981256253125
-0.271, -0.0026992255893571785
-0.27, -0.0039416986325193845
-0.269, -0.0019000589161768384
-0.268, 0.001226840226754002
-0.267, -0.00225024011028952
-0.266, 0.0013473838970266383
-0.265, -0.00663726028053089
-0.264, 0.0019136460320003752
-0.263, 0.0024201859230396448
-0.262, -0.0009409001375687844
-0.261, 0.00041689545944847425
-0.26, -0.006626237923649325
-0.259, -0.0009516171660048775
-0.258, 0.0004068806864369685
-0.257, 0.0023046496392727612
-0.256, 0.0005348743707791396
-0.255, 0.0003852328996529515
-0.254, -0.0025216160326256877
-0.253, 0.0027027673993246623
-0.252, -0.0003553107119966233
-0.251, 0.006157986219672337
-0.25, -0.0030414987767321162
-0.249, 0.0028014190200569035
-0.248, -0.00041155221165270137
-0.247, -0.001090266813094047
-0.246, 0.00013623755236993497
-0.245, -0.003966918762115433
-0.244, -0.004140559049055778
-0.243, 0.0008902156156203101
-0.242, 0.004760986450256378
-0.241, -0.0005569496173868184
-0.24, 0.004381218929777389
-0.239, 0.00048174722126688343
-0.238, -0.001809529032094172
-0.237, 0.0034921024965607803
-0.236, -0.00040370527060405205
-0.235, 0.003005531085855428
-0.234, 0.0005885816443377939
-0.233, 0.0015134520385192596
-0.232, 0.0038054000144603552
-0.231, 0.0011692552819378439
-0.23, 0.0002008145185874187
-0.229, 0.003973880250672211
-0.228, 0.000753733800493997
-0.227, -0.001183880514475988
-0.226, 0.0010381777802963982
-0.225, -0.0002800777830321411
-0.224, -0.002593032356021761
-0.223, 0.002263094437843922
-0.222, -0.0007834727910830415
-0.221, -0.0013991676013788144
-0.22, -0.0012309316279233366
-0.219, 0.001816887447630065
-0.218, -0.0014836214493965732
-0.217, 0.0045164488982772635
-0.216, -0.001293768222001626
-0.215, -0.004050181829195848
-0.214, -0.002529524039363432
-0.213, -0.00043277253861305655
-0.212, 0.0022931998225675337
-0.211, 0.0026728757445128814
-0.21, -0.0018839070414113307
-0.209, 0.002903337655155703
-0.208, 0.0002631625871529515
-0.207, -0.0006156337446066784
-0.206, 0.005293845653295398
-0.205, 0.0043355417943346675
-0.204, -0.0015442291458229115
-0.203, 0.0029745707814844923
-0.202, -0.005554596145729115
-0.201, 0.0019031732663206604
-0.2, -7.175218468609305e-05
-0.199, -0.0013140725636255628
-0.198, 0.0003207169991245623
-0.197, -0.0011157312054464732
-0.196, 0.000348807216108054
-0.195, -0.002258758773918209
-0.194, 0.002192594099784267
-0.193, -0.0014873159235867933
-0.192, -0.001201955958447974
-0.191, 3.9845362134192095e-05
-0.19, -0.0007676873104521011
-0.189, 0.006038877593093421
-0.188, -0.0007983117535330165
-0.187, -0.004920276300259505
-0.186, 0.0014240213368402952
-0.185, -0.00494015318205978
-0.184, -0.00023415638483304153
-0.183, -0.0011469357725737868
-0.182, 0.0024107818069190844
-0.181, 0.000790220549727989
-0.18, 0.00039878948263194096
-0.179, -0.0002850241038487994
-0.178, -0.0002550408505033767
-0.177, -0.0001324820124906203
-0.176, -0.0024012555594203353
-0.175, -0.0017559744227582542
-0.174, 0.0002648724264475988
-0.173, 0.002852592067518134
-0.172, 0.0014106784837731366
-0.171, 0.0010845266383191596
-0.17, 0.0007617028729208354
-0.169, 0.0019283017973830666
-0.168, -0.001091030134207729
-0.167, -0.0016108518126250625
-0.166, -0.00046718305441783393
-0.165, 0.0009281679413925712
-0.164, -0.0030348731494653576
-0.163, -0.0007907396080852927
-0.162, -0.00557212199849925
-0.161, -0.0035840674243371685
-0.16, 0.002414628945332041
-0.159, 0.003780240950553402
-0.158, 0.00033696047242371183
-0.157, -0.001655643495575913
-0.156, 0.001989611749233992
-0.155, -0.0018097122291614556
-0.154, -0.0015562590865745372
-0.153, 0.0003576617410267634
-0.152, -0.0010521923559435968
-0.151, -0.0038265592757316157
-0.15, -0.0018294364467389946
-0.149, 0.0031216780265132566
-0.148, 0.0028757359636849677
-0.147, -0.001974101064203977
-0.146, -0.00387858724284017
-0.145, 0.0029188178073411707
-0.144, 0.004066119974049525
-0.143, 0.0003239534806465733
-0.142, -0.00010500245239807403
-0.141, 0.0004551225808216608
-0.14, 0.0025442408704352175
-0.139, -0.0018171927760755378
-0.138, 0.0020575167955071286
-0.137, 0.000688118717561906
-0.136, -0.000531027232366183
-0.135, 0.0018979521499030766
-0.134, -0.0004848005057216108
-0.133, -0.001372207099643572
-0.132, 0.005774554757847674
-0.131, -0.0028518592792489993
-0.13, 0.0049732507855490245
-0.129, -0.0018303524320754127
-0.128, -0.003996230292880815
-0.127, -0.0027320178644009503
-0.126, 0.001666360524012006
-0.125, 0.0032918681020197597
-0.124, -0.004095614701882191
-0.123, 0.002100110113650575
-0.122, -0.002879674700631566
-0.121, 0.0008585835886693346
-0.12, -0.009164982882066033
-0.119, 0.0013007297105584043
-0.118, 0.00018463211097736367
-0.117, 0.0010964955133816907
-0.116, -0.0011503859840076287
-0.115, -0.005381322252923337
-0.114, -0.0004958839282922711
-0.113, -0.0004097507738244122
-0.112, 0.0022755213055746623
-0.111, -0.0008308292329758629
-0.11, 0.0020577915911080542
-0.109, 0.00022795821738994497
-0.108, -0.0019762383633222863
-0.107, 0.004850691947536268
-0.106, -0.001984451698505503
-0.105, -0.0020420977090107556
-0.104, 0.0025094944933404203
-0.103, -0.00185468710917959
-0.102, 0.0055922126102113555
-0.101, -0.003010049946848424
-0.1, -0.0027304606893290397
-0.099, 0.002655838417255503
-0.098, -0.0036079135759285895
-0.097, 0.0002446596833573037
-0.096, 0.003221703625250125
-0.095, -0.0022984514718296647
-0.094, -0.00041594894126750873
-0.093, 0.0013973050978614307
-0.092, 0.005074100771088669
-0.091, -0.001253159538753752
-0.09, -0.00020673789042958979
-0.089, -0.0032299780261224363
-0.088, 0.00061303845282016
-0.087, -0.0005119442045241371
-0.086, -0.0003624859304652326
-0.085, -0.00713036571996936
-0.084, -0.0016479186859054528
-0.083, -0.002395912311624562
-0.082, 0.005768051261959104
-0.081, -6.576774715482741e-05
-0.08, -0.005340835701053652
-0.079, 0.005007966629799274
-0.078, -0.0030852218101238118
-0.077, 0.003930981604083291
-0.076, 0.0012417707877376187
-0.075, 0.0008755903830821661
-0.074, -0.004631771452132316
-0.073, 0.003557229053980115
-0.072, -0.0023531052635692848
-0.071, 0.005927768571785893
-0.07, 0.0020311669506628315
-0.069, 0.0027347047547211104
-0.068, -0.0026068026689125812
-0.067, 0.0031337385001094296
-0.066, 0.004834601138459855
-0.065, -0.002170121926197474
-0.064, 0.0021299101699287144
-0.063, 0.0044747715654702355
-0.062, -0.0015832195883097799
-0.061, 0.0020191675427557528
-0.06, 0.0007660690696910955
-0.059, -0.0016220268337293648
-0.058, -0.0019358739428307905
-0.057, 0.000699507468578039
-0.056, 0.0050724214646385695
-0.055, -0.0012134363079977489
-0.054, -0.0023308468198943223
-0.053, 0.0009830659958885693
-0.052, -0.004720347234163957
-0.051, -0.0005406450783985743
-0.05, -0.0027581539793334166
-0.049, -0.0012739524058904452
-0.048, 0.0015394049563844422
-0.047, 0.0016604676850143821
-0.046, 0.007960004172007878
-0.045, -0.0030922138315251377
-0.044, -0.0031641797461230614
-0.043, -0.002925351836074287
-0.042, 0.001898898668084042
-0.041, -0.0008636215080196348
-0.04, 0.00289295648800963
-0.039, -0.00185905330594985
-0.038, 0.0008305544373749374
-0.037, 0.0013928167697129816
-0.036, 0.001353917925759755
-0.035, 0.006402065778983242
-0.034, 0.0009005051842327414
-0.033, 0.001410831147995873
-0.032, -0.00423472234163957
-0.031, 0.0030640014831634565
-0.03, 0.0015132383086074288
-0.029, 0.0031115105892790145
-0.028, -0.0010230334894009506
-0.027, -0.006070051627376188
-0.026, 0.001746906167927714
-0.025, -0.003964537200240746
-0.024, -0.0009243513358241621
-0.023, 0.004078577374624813
-0.022, -0.004423262656718985
-0.021, -0.001960025422867684
-0.02, 0.0004739002802182341
-0.019, -0.006033473279608554
-0.018, 0.0028965898965107556
-0.017, 0.002869293533485493
-0.016, -0.0025397525422867686
-0.015, 0.003213551355756003
-0.014, -0.006754231607991496
-0.013, -0.007372460644384692
-0.012, -0.0006908666735711606
-0.011, 0.0016467584378126563
-0.01, -0.0020956217855021262
-0.009, 0.002787221247342421
-0.008, -0.0006400600202444973
-0.007, 0.00029537473815032515
-0.006, 0.0027629171030827916
-0.005, 0.0035303601507785144
-0.004, -0.0061504140742246124
-0.003, 0.0005719412440595297
-0.002, 0.003465172527670085
-0.001, -0.005180171873045898
0.0, 0.11123322891914707
0.001, -0.005180171873045898
0.002, 0.003465172527670085
0.003, 0.0005719412440595297
0.004, -0.0061504140742246124
0.005, 0.0035303601507785144
0.006, 0.0027629171030827916
0.007, 0.00029537473815032515
0.008, -0.0006400600202444973
0.009, 0.002787221247342421
0.01, -0.0020956217855021262
0.011, 0.0016467584378126563
0.012, -0.0006908666735711606
0.013, -0.007372460644384692
0.014, -0.006754231607991496
0.015, 0.003213551355756003
0.016, -0.0025397525422867686
0.017, 0.002869293533485493
0.018, 0.0028965898965107556
0.019, -0.006033473279608554
0.02, 0.0004739002802182341
0.021, -0.001960025422867684
0.022, -0.004423262656718985
0.023, 0.004078577374624813
0.024, -0.0009243513358241621
0.025, -0.003964537200240746
0.026, 0.001746906167927714
0.027, -0.006070051627376188
0.028, -0.0010230334894009506
0.029, 0.0031115105892790145
0.03, 0.0015132383086074288
0.031, 0.0030640014831634565
0.032, -0.00423472234163957
0.033, 0.001410831147995873
0.034, 0.0009005051842327414
0.035, 0.006402065778983242
0.036, 0.001353917925759755
0.037, 0.0013928167697129816
0.038, 0.0008305544373749374
0.039, -0.00185905330594985
0.04, 0.00289295648800963
0.041, -0.0008636215080196348
0.042, 0.001898898668084042
0.043, -0.002925351836074287
0.044, -0.0031641797461230614
0.045, -0.0030922138315251377
0.046, 0.007960004172007878
0.047, 0.0016604676850143821
0.048, 0.0015394049563844422
0.049, -0.0012739524058904452
0.05, -0.0027581539793334166
0.051, -0.0005406450783985743
0.052, -0.004720347234163957
0.053, 0.0009830659958885693
0.054, -0.0023308468198943223
0.055, -0.0012134363079977489
0.056, 0.0050724214646385695
0.057, 0.000699507468578039
0.058, -0.0019358739428307905
0.059, -0.0016220268337293648
0.06, 0.0007660690696910955
0.061, 0.0020191675427557528
0.062, -0.0015832195883097799
0.063, 0.0044747715654702355
0.064, 0.0021299101699287144
0.065, -0.002170121926197474
0.066, 0.004834601138459855
0.067, 0.0031337385001094296
0.068, -0.0026068026689125812
0.069, 0.0027347047547211104
0.07, 0.0020311669506628315
0.071, 0.005927768571785893
0.072, -0.0023531052635692848
0.073, 0.003557229053980115
0.074, -0.004631771452132316
0.075, 0.0008755903830821661
0.076, 0.0012417707877376187
0.077, 0.003930981604083291
0.078, -0.0030852218101238118
0.079, 0.005007966629799274
0.08, -0.005340835701053652
0.081, -6.576774715482741e-05
0.082, 0.005768051261959104
0.083, -0.002395912311624562
0.084, -0.0016479186859054528
0.085, -0.00713036571996936
0.086, -0.0003624859304652326
0.087, -0.0005119442045241371
0.088, 0.00061303845282016
0.089, -0.0032299780261224363
0.09, -0.00020673789042958979
0.091, -0.001253159538753752
0.092, 0.005074100771088669
0.093, 0.0013973050978614307
0.094, -0.00041594894126750873
0.095, -0.0022984514718296647
0.096, 0.003221703625250125
0.097, 0.0002446596833573037
0.098, -0.0036079135759285895
0.099, 0.002655838417255503
0.1, -0.0027304606893290397
0.101, -0.003010049946848424
0.102, 0.0055922126102113555
0.103, -0.00185468710917959
0.104, 0.0025094944933404203
0.105, -0.0020420977090107556
0.106, -0.001984451698505503
0.107, 0.004850691947536268
0.108, -0.0019762383633222863
0.109, 0.00022795821738994497
0.11, 0.0020577915911080542
0.111, -0.0008308292329758629
0.112, 0.0022755213055746623
0.113, -0.0004097507738244122
0.114, -0.0004958839282922711
0.115, -0.005381322252923337
0.116, -0.0011503859840076287
0.117, 0.0010964955133816907
0.118, 0.00018463211097736367
0.119, 0.0013007297105584043
0.12, -0.009164982882066033
0.121, 0.0008585835886693346
0.122, -0.002879674700631566
0.123, 0.002100110113650575
0.124, -0.004095614701882191
0.125, 0.0032918681020197597
0.126, 0.001666360524012006
0.127, -0.0027320178644009503
0.128, -0.003996230292880815
0.129, -0.0018303524320754127
0.13, 0.0049732507855490245
0.131, -0.0028518592792489993
0.132, 0.005774554757847674
0.133, -0.001372207099643572
0.134, -0.0004848005057216108
0.135, 0.0018979521499030766
0.136, -0.000531027232366183
0.137, 0.000688118717561906
0.138, 0.0020575167955071286
0.139, -0.0018171927760755378
0.14, 0.0025442408704352175
0.141, 0.0004551225808216608
0.142, -0.00010500245239807403
0.143, 0.0003239534806465733
0.144, 0.004066119974049525
0.145, 0.0029188178073411707
0.146, -0.00387858724284017
0.147, -0.001974101064203977
0.148, 0.0028757359636849677
0.149, 0.0031216780265132566
0.15, -0.0018294364467389946
0.151, -0.0038265592757316157
0.152, -0.0010521923559435968
0.153, 0.0003576617410267634
0.154, -0.0015562590865745372
0.155, -0.0018097122291614556
0.156, 0.001989611749233992
0.157, -0.001655643495575913
0.158, 0.00033696047242371183
0.159, 0.003780240950553402
0.16, 0.002414628945332041
0.161, -0.0035840674243371685
0.162, -0.00557212199849925
0.163, -0.0007907396080852927
0.164, -0.0030348731494653576
0.165, 0.0009281679413925712
0.166, -0.00046718305441783393
0.167, -0.0016108518126250625
0.168, -0.001091030134207729
0.169, 0.0019283017973830666
0.17, 0.0007617028729208354
0.171, 0.0010845266383191596
0.172, 0.0014106784837731366
0.173, 0.002852592067518134
0.174, 0.0002648724264475988
0.175, -0.0017559744227582542
0.176, -0.0024012555594203353
0.177, -0.0001324820124906203
0.178, -0.0002550408505033767
0.179, -0.0002850241038487994
0.18, 0.00039878948263194096
0.181, 0.000790220549727989
0.182, 0.0024107818069190844
0.183, -0.0011469357725737868
0.184, -0.00023415638483304153
0.185, -0.00494015318205978
0.186, 0.0014240213368402952
0.187, -0.004920276300259505
0.188, -0.0007983117535330165
0.189, 0.006038877593093421
0.19, -0.0007676873104521011
0.191, 3.9845362134192095e-05
0.192, -0.001201955958447974
0.193, -0.0014873159235867933
0.194, 0.002192594099784267
0.195, -0.002258758773918209
0.196, 0.000348807216108054
0.197, -0.0011157312054464732
0.198, 0.0003207169991245623
0.199, -0.0013140725636255628
0.2, -7.175218468609305e-05
0.201, 0.0019031732663206604
0.202, -0.005554596145729115
0.203, 0.0029745707814844923
0.204, -0.0015442291458229115
0.205, 0.0043355417943346675
0.206, 0.005293845653295398
0.207, -0.0006156337446066784
0.208, 0.0002631625871529515
0.209, 0.002903337655155703
0.21, -0.0018839070414113307
0.211, 0.0026728757445128814
0.212, 0.0022931998225675337
0.213, -0.00043277253861305655
0.214, -0.002529524039363432
0.215, -0.004050181829195848
0.216, -0.001293768222001626
0.217, 0.0045164488982772635
0.218, -0.0014836214493965732
0.219, 0.001816887447630065
0.22, -0.0012309316279233366
0.221, -0.0013991676013788144
0.222, -0.0007834727910830415
0.223, 0.002263094437843922
0.224, -0.002593032356021761
0.225, -0.0002800777830321411
0.226, 0.0010381777802963982
0.227, -0.001183880514475988
0.228, 0.000753733800493997
0.229, 0.003973880250672211
0.23, 0.0002008145185874187
0.231, 0.0011692552819378439
0.232, 0.0038054000144603552
0.233, 0.0015134520385192596
0.234, 0.0005885816443377939
0.235, 0.003005531085855428
0.236, -0.00040370527060405205
0.237, 0.0034921024965607803
0.238, -0.001809529032094172
0.239, 0.00048174722126688343
0.24, 0.004381218929777389
0.241, -0.0005569496173868184
0.242, 0.004760986450256378
0.243, 0.0008902156156203101
0.244, -0.004140559049055778
0.245, -0.003966918762115433
0.246, 0.00013623755236993497
0.247, -0.001090266813094047
0.248, -0.00041155221165270137
0.249, 0.0028014190200569035
0.25, -0.0030414987767321162
0.251, 0.006157986219672337
0.252, -0.0003553107119966233
0.253, 0.0027027673993246623
0.254, -0.0025216160326256877
0.255, 0.0003852328996529515
0.256, 0.0005348743707791396
0.257, 0.0023046496392727612
0.258, 0.0004068806864369685
0.259, -0.0009516171660048775
0.26, -0.006626237923649325
0.261, 0.00041689545944847425
0.262, -0.0009409001375687844
0.263, 0.0024201859230396448
0.264, 0.0019136460320003752
0.265, -0.00663726028053089
0.266, 0.0013473838970266383
0.267, -0.00225024011028952
0.268, 0.001226840226754002
0.269, -0.0019000589161768384
0.27, -0.0039416986325193845
0.271, -0.0026992255893571785
0.272, -0.0037817981256253125
0.273, -0.0012190543513944472
0.274, 0.00027916179769572284
0.275, -0.00023043137779827413
0.276, 0.0019662235903107803
0.277, 0.0016010507695253878
0.278, -0.0037496165074724862
0.279, 0.00020621883207228614
0.28, -0.005383581683419835
0.281, 0.0011622632605365183
0.282, 0.003591059445738494
0.283, -0.00015177877024449726
0.284, 0.0019446674020604051
0.285, 0.0019797496404452227
0.286, 0.002537126717655703
0.287, -0.0008041435268415458
0.288, 0.003424319581665833
0.289, 0.0008304323059967484
0.29, -0.005832658761021136
0.291, -0.0005674834487556278
0.292, -0.001872670954617934
0.293, 0.0006670510548242871
0.294, 0.0007324524078445473
0.295, -0.0006775543533485492
0.296, -0.0007559932309904952
0.297, 0.005437197358444847
0.298, 0.0019029290035642822
0.299, 0.0038184986047711355
0.3, 0.0010557646987556278
0.301, 0.000286428614697974
0.302, 0.001049993991136193
0.303, 0.0014883235074568534
0.304, 0.0013828019967014758
0.305, 0.0019418889132066033
0.306, -0.0030317282664769885
0.307, -0.0030837867664300902
0.308, -0.0012559074947630065
0.309, 0.0014401121459167083
0.31, 0.001594944200615933
0.311, -0.0026665249128470484
0.312, 0.0019715668381065535
0.313, 0.0005705977988994497
0.314, -0.00018777699396573287
0.315, 0.002621183638694347
0.316, -0.003735754596048024
0.317, -0.002057577861196223
0.318, -0.004252522990010631
0.319, 0.0011162197309592297
0.32, -0.0005257145174149575
0.321, -0.0013820081427432466
0.322, 0.004466924624421586
0.323, -0.0006918437245966734
0.324, 0.002772351752047899
0.325, 0.0010355824885098799
0.326, -0.0015106430168209104
0.327, -0.005618470856522011
0.328, 0.002757207461152451
0.329, 0.0017966136388506753
0.33, 0.0028482258707478738
0.331, 0.0019635672328351676
0.332, -0.001422006169100175
0.333, -0.007261656951522637
0.334, -0.0004123460656109305
0.335, 0.0015576941302682592
0.336, -0.006878133891164332
0.337, -0.001189132163738119
0.338, -0.0033833139714388445
0.339, 0.0023111531351613307
0.34, -0.0032486030612962733
0.341, 0.004038884676713357
0.342, -0.002320435119903702
0.343, 0.0005541100628439219
0.344, 0.002092843296648324
0.345, -0.002369989926603927
0.346, 0.0025617361903608055
0.347, -0.0040291141664582295
0.348, -0.0012658306692408705
0.349, 0.0005440036912987743
0.35, -0.0011325853356365682
0.351, -0.0015339701100550275
0.352, -0.0001696710171491996
0.353, 0.0022861467354771134
0.354, -0.00013721460339544773
0.355, 0.0024267504846173086
0.356, -0.0021634657660861683
0.357, -0.0010702677999155827
0.358, 0.00177270642157016
0.359, 0.0026334578422023513
0.36, 0.004779489354052026
0.361, 0.0049459238896792145
0.362, -0.0024244910541208102
0.363, 0.0012520908891945973
0.364, -0.0006184732991495748
0.365, 0.006840181565392071
0.366, -0.00036257752899887443
0.367, 0.0014027094113462982
0.368, 0.00021165367840170085
0.369, -0.005429350417396198
0.37, 0.005318363527466859
0.371, -0.002928221923461731
0.372, 0.004097355074021386
0.373, -0.003042048367933967
0.374, -0.0019957793838325413
0.375, -0.0033514071488869434
0.376, 0.0027480781406328163
0.377, -0.00046272525911393196
0.378, 0.0034423950256378187
0.379, -0.0011438824881190594
0.38, 0.000900688381300025
0.381, 0.00045774840545272636
0.382, -0.0019184702214388445
0.383, -0.005448219715326413
0.384, -0.004906994512881441
0.385, 0.00041826943745310155
0.386, -6.839357178589295e-05
0.387, -0.0013668943846923461
0.388, 0.004074760769056403
0.389, -0.0012554800349393446
0.39, 0.0029988138600550275
0.391, 0.0021329329215388944
0.392, -0.0029619912495310154
0.393, -0.0015791892528295398
0.394, -0.0015580910572473737
0.395, 0.006259385796413832
0.396, -0.0010638864354052026
0.397, 0.0038002704965764134
0.398, -0.0043463504213044025
0.399, 0.001748493875844172
0.4, 0.002500731566955353
0.401, 0.0020642950869966233
0.402, 0.0028894452108866936
0.403, -0.002559873686843422
0.404, -0.00356232803901951
0.405, 0.001770904983741871
0.406, 0.006735942434107679
0.407, 0.004227424991792772
0.408, -9.24229204445973e-05
0.409, -0.0024845796921898447
0.41, -0.0017244645271854678
0.411, 0.0022909403920710354
0.412, 0.004044136325975487
0.413, -0.0026128787049774886
0.414, -0.00047362548461730866
0.415, -0.002359853022214232
0.416, 0.00027894806778389194
0.417, -0.001754966838888194
0.418, -0.0037203049767071034
0.419, -0.003966643966514507
0.42, -0.0014638056332853928
0.421, 0.003581869059529765
0.422, 0.002176625422086043
0.423, 0.00222190563054965
0.424, -0.001911630864260255
0.425, -0.006126201528498625
0.426, 0.00304806333830978
0.427, -0.002421437769666083
0.428, -0.000348807216108054
0.429, 0.0021228876156828415
0.43, -0.00228865042872999
0.431, 0.0013583451882191095
0.432, -0.00023656847955227613
0.433, -0.0034539669737212357
0.434, 0.0032630450967671334
0.435, 6.124888616183092e-05
0.436, -0.0006008863806903452
0.437, 0.003726014618637444
0.438, -0.0019197220680652826
0.439, 0.0015430078320410206
0.44, -0.0009655096102738869
0.441, 0.0011246467960542772
0.442, 0.0011160975995810406
0.443, 0.003139936667552526
0.444, -0.0017487992042896448
0.445, 0.006893736174727989
0.446, -0.00010918545210105053
0.447, 0.00040868212426525764
0.448, -0.003223382931700225
0.449, -0.001658666247186093
0.45, -0.005559420335167584
0.451, 0.0023939276767289894
0.452, 0.000476342907782016
0.453, 0.00010518564946535768
0.454, 0.003341789302854552
0.455, 0.0006562424278545523
0.456, -0.00030694668623374187
0.457, 0.0054402201100550275
0.458, 0.0006889431043646824
0.459, -0.001136127145604052
0.46, -0.0009441366190907954
0.461, -0.0038906171835917957
0.462, 0.0036463544272136066
0.463, 9.294197880190096e-05
0.464, 3.902097533141571e-05
0.465, -0.004891453295006879
0.466, 0.0014836214493965732
0.467, 0.0016189735492746374
0.468, 0.0025361801994747374
0.469, 0.002361623927197974
0.47, 0.000744238085839795
0.471, -0.0020817904069222112
0.472, -0.0007145906937843922
0.473, -0.0012047649801463231
0.474, 0.0008147384238994497
0.475, 4.274598236618309e-07
0.476, 0.0023402509360148822
0.477, -0.003469080731772136
0.478, 0.001122295767024137
0.479, -0.0027026758007910206
0.48, -0.0007695498139694847
0.481, -0.0013929694339357178
0.482, -0.00019266224909329665
0.483, -0.0017875759168646823
0.484, -0.0001137348459385943
0.485, 0.0008134865772730115
0.486, -0.0020413954535861683
0.487, -0.0008160208033704353
0.488, 4.216585831978489e-05
0.489, 0.0006783176744622311
0.49, -0.005251924057731991
0.491, 0.0012200314024199599
0.492, 0.0021560462848611807
0.493, 0.00028816898683716856
0.494, 0.0033365681864369686
0.495, -0.0020658827949130813
0.496, -0.002213112171320035
0.497, 0.0018818613408266634
0.498, 0.0013205149938250375
0.499, 0.0004087737227988994
0.5, -0.0014438066201069284
0.501, -7.935486297836418e-05
0.502, 0.0003847443741401951
0.503, 0.0012935850249343422
0.504, 0.002128872053214107
0.505, -0.001955934021698349
0.506, -0.003807048788065908
0.507, -0.004131979319737994
0.508, 0.0021605040801650826
0.509, -0.0012463201815751627
0.51, -0.0014486002767008504
0.511, 0.0007048507163738119
0.512, 0.001543618488931966
0.513, 0.0004118270072536268
0.514, 0.00094386182348987
0.515, -0.0010176597087606302
0.516, 0.0005813758930246373
0.517, -0.000968532361884067
0.518, 0.002888529225550275
0.519, -0.0029931042181246875
0.52, 0.003980047885270761
0.521, -0.0010251707885192596
0.522, -0.002557461592124187
0.523, -0.000831287225644072
0.524, -0.004070974696332541
0.525, 0.0026263436894228363
0.526, -0.0007124533946660831
0.527, 0.0018781058009473487
0.528, 0.00032584651700850423
0.529, 0.0006817678858960731
0.53, -0.001152859144415958
0.531, 0.0024655577300368935
0.532, -0.0019063181493090295
0.533, 0.0016023942146854678
0.534, 0.0033914662409329664
0.535, 0.0012735554789113307
0.536, -0.0007000265269353427
0.537, 0.0032276880627813906
0.538, 0.004785626455806028
0.539, -0.0007484210855427714
0.54, -0.0017478832189532266
0.541, -0.0028374172437781392
0.542, -0.002137482315376438
0.543, -0.005214918250140695
0.544, -0.0030170114354052028
0.545, 0.002635015017274262
0.546, -0.001439074029202101
0.547, -5.2333295554027014e-05
0.548, -0.0019190808783297899
0.549, -0.00012399388170647823
0.55, 0.0017394561538581791
0.551, 0.0024260482291927213
0.552, -0.0011055027025231366
0.553, -0.002582437458963857
0.554, 0.002641487980318284
0.555, 0.003116273713028389
0.556, 0.00024249185139444722
0.557, -0.00023385105638756878
0.558, 0.0004060562996341921
0.559, 0.000815440679324037
0.56, 0.0009586091874062031
0.561, -0.0013777335445066283
0.562, -0.00248015242973049
0.563, 0.0028425772945066285
0.564, 2.0212743090295147e-05
0.565, -0.0005548123182685092
0.566, -0.0015101850241527014
0.567, -0.005104022958744997
0.568, 0.0016476438903045272
0.569, -0.005632424366480115
0.57, -0.00015446566056465734
0.571, 0.0010213847157953977
0.572, -0.0010395822911455728
0.573, -0.002185876873983867
0.574, -0.0009596473041208105
0.575, -0.002597612282703852
0.576, -0.0009071918771885943
0.577, 0.00043900123890070034
0.578, -0.0014772095520416458
0.579, -0.0009489608085292646
0.58, 0.003502208868105928
0.581, -0.001008683052463732
0.582, -0.005259251940423337
0.583, 0.003492285693628064
0.584, -2.6838370357053527e-05
0.585, 0.0009696315442877689
0.586, 0.0014603248890070035
0.587, -0.0005625676607835168
0.588, 0.004100408358476113
0.589, 0.0021032855294834917
0.59, -0.0004228188312906453
0.591, -0.001230412569566033
0.592, 0.0023608911389288393
0.593, 0.0001494277412143572
0.594, 0.003599486510833542
0.595, 0.0008613315446785892
0.596, 0.0021644122842671334
0.597, 0.0004620840693784392
0.598, 0.003038109630987369
0.599, 0.00019986800040645324
0.6, 0.0012884555070504001
0.601, 0.004323298123671211
0.602, -0.0012827763979646072
0.603, -0.0007993804030921711
0.604, 0.0011522484875250126
0.605, 0.00043854324623249127
0.606, -0.0016736884067033518
0.607, 0.004638641342155453
0.608, -0.00011819264124249625
0.609, -0.0016865427342577538
0.61, 0.003308081042474362
0.611, 0.0013263162342890195
0.612, -0.0016343621029264632
0.613, -0.0024595427596610805
0.614, -0.0025155705294053277
0.615, -0.001368329428386068
0.616, 0.0017473030949068285
0.617, -0.00011391804300587794
0.618, 0.00045435925970797896
0.619, 0.0003923470524324662
0.62, -0.002594039939891821
0.621, -0.0012428089044522262
0.622, -0.002103896186374437
0.623, -0.0012449767364150826
0.624, 0.0017959724491151826
0.625, 0.0037167021010505253
0.626, -0.0010028207463106554
0.627, 0.006802931495044397
0.628, -0.00037875993660892946
0.629, 0.002625061309951851
0.63, -0.003612127108476113
0.631, -0.001413976030984242
0.632, -0.0017960335148042772
0.633, 0.0025416150458041522
0.634, 0.0020610586054746124
0.635, -0.003302798860367684
0.636, 0.0018650988091702101
0.637, -0.00022719489627626312
0.638, -0.0006775543533485492
0.639, -0.001516505322973987
0.64, -0.000795014206321911
0.641, 0.0015945472736368185
0.642, 0.0006877217905827914
0.643, 0.0038512908798149074
0.644, -0.00085382046491996
0.645, 0.002051074365307654
0.646, -0.00039414849026075537
0.647, 0.0033498805066595797
0.648, 0.0003183659700944222
0.649, -0.0015724720270291397
0.65, -0.00043610061866870934
0.651, -0.00040773560608429213
0.652, 0.00010796413831915958
0.653, -0.00064036534868997
0.654, 0.00044987093155952977
0.655, -0.0016349727598174088
0.656, 0.0044506506182778885
0.657, 0.0010680389022636318
0.658, 0.0003091450510411456
0.659, -0.0010471849694378439
0.66, -0.0031239985226988493
0.661, -0.004360059668506128
0.662, 0.0010830915946254376
0.663, 0.0033614219218984494
0.664, 0.0032786473803307903
0.665, 0.0015140321625656578
0.666, -0.0017132895060811657
0.667, -0.00019012802299587294
0.668, -0.0012700136689438469
0.669, -0.0036341412893946975
0.67, 0.000170831265241996
0.671, 0.0012875700545585292
0.672, 0.0010496886626907205
0.673, 0.0006645473615714108
0.674, 0.0038987083873968232
0.675, 0.0006566393548336669
0.676, -0.000283863855756003
0.677, -0.0023315490753189096
0.678, -0.001061688070597799
0.679, -0.0002017305039238369
0.68, 0.002186884457853927
0.681, -0.002103651923618059
0.682, 0.001702389280577789
0.683, -0.0010403456122592546
0.684, -0.0019075089302463732
0.685, 0.00045790106967546275
0.686, -0.0018797851073974487
0.687, 4.549393837543772e-06
0.688, -0.0011040676588294147
0.689, -3.837978559592296e-05
0.69, 0.0028263948868965734
0.691, -0.0016224542935530265
0.692, -0.0027494215857928966
0.693, -0.0005267221012850175
0.694, 0.002744688994888069
0.695, 0.0016363162049774888
0.696, -0.0001681443749218359
0.697, 0.001590028412643822
0.698, 0.0009299693792208604
0.699, -0.0019350800888725613
0.7, 0.0018830215889194598
0.701, -0.0031127319030609057
0.702, 0.002883277576288144
0.703, 0.00029366489885567784
0.704, -0.0009930502360555279
0.705, -0.0018124601851707103
0.706, 0.004484816871326288
0.707, -0.0014847206318002752
0.708, -0.001949888518477989
0.709, -0.0005084634602457479
0.71, -0.0005380497866120561
0.711, 0.0011015334327319909
0.712, -0.0025962383046992245
0.713, 0.0007280251453851926
0.714, -0.00332389705594985
0.715, -0.001625629709385943
0.716, -0.0032362677920991746
0.717, -0.0007081177307403702
0.718, -8.249974596673337e-05
0.719, -0.0005798187179527264
0.72, 0.0032416415727394947
0.721, -0.002078676056778389
0.722, -0.0001308637717296148
0.723, -0.0025384701628157827
0.724, -0.00041491082455290143
0.725, -0.0004802816447286143
0.726, 0.0024409787901763383
0.727, 0.00032178564868371687
0.728, 0.0012367939340764131
0.729, -0.00011981088200350175
0.73, -0.00039689644627001003
0.731, 3.7891260083166585e-05
0.732, 0.002737452710730365
0.733, -0.0022738725319691095
0.734, 0.0020990109312468736
0.735, -0.0004106972920053777
0.736, 0.0005978330962356178
0.737, 0.0017188770166333166
0.738, -0.00215885530655953
0.739, -0.0003542420624374687
0.74, -0.0017407690661737118
0.741, 0.0005386909763475488
0.742, -0.0018156050681590796
0.743, 0.0030080653119528514
0.744, -0.00016078595938594296
0.745, 0.0002375455305777889
0.746, 0.0008469505748968235
0.747, -0.005516765951335043
0.748, -0.0022793684439876187
0.749, -0.001622942819065783
0.75, -0.0006451895381284392
0.751, -0.0006062296284861181
0.752, -0.0003619058064188344
0.753, -0.0014973612294428465
0.754, -0.002428582455290145
0.755, 0.0025417982428714357
0.756, -0.001224702927635693
0.757, -0.0006678449087825163
0.758, -0.00017171671773386692
0.759, -0.0017251973154546023
0.76, 0.0008654534786924713
0.761, 0.0012611896768696849
0.762, -0.0015519844883379189
0.763, -0.0003224573712637569
0.764, -0.0009523194214294648
0.765, -0.0008653618801588294
0.766, 0.002153664722986493
0.767, 0.004775367420038144
0.768, 0.0007147738908516759
0.769, 0.0029570754615589044
0.77, 1.9174626375687842e-05
0.771, -0.003537168975112556
0.772, -0.0015903337410892947
0.773, 0.0037029012553151577
0.774, -0.0016438883504252125
0.775, -0.0022295693745310154
0.776, -0.00014805376320972986
0.777, 0.001187116995997999
0.778, -0.0002487816173711856
0.779, -0.0023781727289425964
0.78, -0.0006366403416552026
0.781, -0.0018119411268134066
0.782, -0.0013086071844516007
0.783, -0.0007513522386193097
0.784, -0.0014555617652576287
0.785, 0.001261220209714232
0.786, -0.0026328471853114058
0.787, -0.0013657341365995498
0.788, -0.0008177001098205352
0.789, -0.000749611866480115
0.79, -0.0022416298481271885
0.791, -0.0015165663886630815
0.792, -0.0005067841537956478
0.793, -0.00032526639296210605
0.794, -0.002117025309529765
0.795, -8.961389874624813e-05
0.796, -0.0002767802358210355
0.797, -7.230177588794397e-05
0.798, 0.0007074460081603302
0.799, -0.00021269179511630815
0.8, -0.0008651481502469985
0.801, 0.0024579855845891694
0.802, 0.0019633840357678838
0.803, -0.0011091666438688094
0.804, -0.0004953648699349675
0.805, -0.00034370823106865935
0.806, 0.0004428178444691096
0.807, 0.0006129163214419709
0.808, -0.00015956464560405202
0.809, -0.0001353826327226113
0.81, -0.0006910498706384443
0.811, -0.000950334786533892
0.812, 0.0008588889171148074
0.813, 0.0027343688934310904
0.814, -0.001612134192096048
0.815, -0.0003969880448036518
0.816, 0.002392523165879815
0.817, -0.0010791223248342921
0.818, -0.0006631428507222361
0.819, 0.0007789233972454977
0.82, -0.002473068809795523
0.821, -0.0004978380303432967
0.822, 0.0019337366437124812
0.823, 0.0008388593710917959
0.824, -0.00201046568205978
0.825, -0.002176808619153327
0.826, -0.004084928206290645
0.827, 0.001661444736039895
0.828, -0.0008496069323724362
0.829, -0.0017830570558716858
0.83, 0.0008047847165770385
0.831, -0.00011400964153951976
0.832, 0.000368439835151951
0.833, 0.002345899512256128
0.834, 0.004463169084542271
0.835, -0.0018003386458854426
0.836, 0.00246335936522949
0.837, -0.0002485373546148074
0.838, 0.0016257823736086792
0.839, 0.0031965445613431715
0.84, 0.0003878892571285643
0.841, -0.00045948877759192095
0.842, 0.0004955785998467984
0.843, -0.00035582977035392697
0.844, -0.0004002550591702101
0.845, -0.0011800639089075788
0.846, -0.000812204197802026
0.847, -0.0015680447645697849
0.848, -0.000613252182731991
0.849, -0.00176699677963982
0.85, 1.0472765679714858e-05
0.851, 0.0006533418076225613
0.852, 0.0005146310948442971
0.853, -0.0006121835331728364
0.854, -0.0005684604997811405
0.855, -0.0013193242128876938
0.856, 0.0026545865706290644
0.857, 0.0018034224631847174
0.858, -0.001362192326632066
0.859, -0.00010787253978551776
0.86, -0.0012979817545491496
0.861, -0.0013978546890632817
0.862, 0.0026611205993621813
0.863, -0.0023664786494809907
0.864, 0.00024713284376563283
0.865, -0.0013293389858991995
0.866, -0.00047945725792583794
0.867, -0.002218119557825788
0.868, 0.0013009739733147825
0.869, 0.001053657932481866
0.87, -0.002295550851597674
0.871, 0.00023305720242933968
0.872, -0.000834737437077914
0.873, -0.00016286219281515759
0.874, 0.0006530364791770886
0.875, 0.000467641047086043
0.876, 0.00036016543427963983
0.877, 0.001574426129080165
0.878, -0.0023650130729427213
0.879, 0.0009546399176150576
0.88, 0.002708538106944097
0.881, -0.0013355982190313906
0.882, -0.00026252139741745874
0.883, -0.0011233338837387443
0.884, -0.0020457005846673338
0.885, -0.0005560641648949475
0.886, -0.0002906421472454977
0.887, -0.0007104992926150576
0.888, 0.00234767041723987
0.889, -0.0010814733538644322
0.89, -0.0010979000242308655
0.891, 0.00030883972259567285
0.892, -0.00012533732686655828
0.893, 5.5203382941470736e-05
0.894, -9.037721985992996e-06
0.895, -0.0011263871681934717
0.896, -0.0015898757484210854
0.897, 0.0017141138928839419
0.898, 0.0014623705895916708
0.899, 0.00186039675110993
0.9, -0.00034666991698974485
0.901, -0.003013927618105928
0.902, -0.0012450072692596298
0.903, 0.0013335525184467233
0.904, -0.00010808626969734868
0.905, 0.0015098796957072286
0.906, -0.0006910498706384443
0.907, -0.0005311188308998249
0.908, 0.0014088770459448473
0.909, 0.0010735653471266884
0.91, 0.00018927310334854928
0.911, 0.002415392266445723
0.912, -0.0010174154460042522
0.913, -0.0012431447657422462
0.914, 0.0017346319644197098
0.915, 0.0015042616523105303
0.916, -0.001268364895338294
0.917, 0.0012031772722298649
0.918, -0.0015453893939157079
0.919, -0.0009676163765476488
0.92, 0.0003392199029202101
0.921, -0.0014485392110117558
0.922, -0.00037482119966233116
0.923, 0.002129879637084167
0.924, -0.0022130816384754877
0.925, 0.0005987185487274887
0.926, 0.0011273642192189844
0.927, -0.0010178123729833667
0.928, 0.0004258415829008254
0.929, 0.0005416221294240871
0.93, -0.0013403002770916708
0.931, -0.0002472549751438219
0.932, 0.00017770115526513256
0.933, 0.00039729337324912454
0.934, 0.0005469653772198599
0.935, 0.0020559596204352175
0.936, -0.0012676015742246122
0.937, 0.0010677030409736118
0.938, 0.0008861242144509755
0.939, 0.0005440036912987743
0.94, 0.0002933901032547524
0.941, -0.00015608390132566284
0.942, -0.0015620603270385192
0.943, 0.0003427922457322411
0.944, 0.0008318673496904703
0.945, 0.0004319786846548274
0.946, 0.0009801959085011256
0.947, -0.0013717185741308154
0.948, -0.0008455155312031016
0.949, -0.00012396334886193095
0.95, -0.0004113384817408704
0.951, 0.0014504017145291397
0.952, -0.0007769082295053777
0.953, 0.00046171767524387194
0.954, -0.00010869692658829415
0.955, -0.00012469613713106552
0.956, 0.0007544971216076788
0.957, 0.0016748791876406953
0.958, -0.0001344666473861931
0.959, -0.001237648853723737
0.96, -0.0003956140667990245
0.961, -0.0008137003071848424
0.962, 0.00018884564352488744
0.963, 0.00043243667732303654
0.964, 0.0003194346196535768
0.965, -0.0006569446832791396
0.966, 0.00014264944972486242
0.967, -0.0009180615698474237
0.968, 0.0006190839560405203
0.969, 0.0003391893700756628
0.97, -0.0010857174192565031
0.971, -0.0007916861262662581
0.972, 0.0005499575959854927
0.973, -0.001516169461683967
0.974, 0.001547526693034017
0.975, 0.00034865455188531766
0.976, -0.00033671620966733366
0.977, -0.00032596864838669334
0.978, 0.0005968865780546524
0.979, -0.00022878260419272137
0.98, 0.0005792385939063281
0.981, 7.166058615245123e-05
0.982, -0.0004595803761255628
0.983, -0.0006015581032703852
0.984, -0.00017177778342296148
0.985, 0.0003124731310967984
0.986, 0.0006338313199568534
0.987, 0.0004418407934435968
0.988, -7.202698028701852e-05
0.989, -0.0003115266129158329
0.99, -0.00030267208799712356
0.991, -0.00022582091827163582
0.992, 3.5204369763006506e-05
0.993, 0.00021049343030890444
0.994, 0.00019666205172898948
0.995, 8.030138115932966e-05
0.996, -4.854722283016509e-06
0.997, -3.2181618152826414e-05
0.998, -5.007386505752876e-06
0.999, 1.8319706728364182e-07
