-0.999, -6.680281058498008e-08
-0.998, -1.061498766961606e-06
-0.997, -4.059454654084856e-06
-0.996, -9.847807204383443e-06
-0.995, -1.947139035826507e-05
-0.994, -3.3735965883332295e-05
-0.993, -5.352698627145605e-05
-0.992, -7.97909697036018e-05
-0.991, -0.00011324879663953068
-0.99, -0.00015452303177956165
-0.989, -0.00020417517413491904
-0.988, -0.00026294472920053777
-0.987, -0.0003313015974540004
-0.986, -0.00040960026522050087
-0.985, -0.0004981579687548853
-0.984, -0.0005971884379689846
-0.983, -0.0007068138042409879
-0.982, -0.0008271137582951632
-0.981, -0.0009581002079408846
-0.98, -0.0010996204889554152
-0.979, -0.0012515710949957402
-0.978, -0.0014133838098248342
-0.977, -0.0015847108643433044
-0.976, -0.001764965417278952
-0.975, -0.0019536045946557264
-0.974, -0.0021499380488584135
-0.973, -0.002353098952430317
-0.972, -0.002562152694999844
-0.971, -0.0027762019162657497
-0.97, -0.0029941407165985333
-0.969, -0.0032149376965093872
-0.968, -0.0034374631407500626
-0.967, -0.0036603244462807575
-0.966, -0.003882178167941393
-0.965, -0.004101711393416435
-0.964, -0.004317446638358242
-0.963, -0.004528082898260654
-0.962, -0.0047320629980517614
-0.961, -0.004928012959726934
-0.96, -0.005114363700404889
-0.959, -0.005289600485667637
-0.958, -0.005452166140443268
-0.957, -0.0056008088181053435
-0.956, -0.0057339594357725746
-0.955, -0.005850164324716069
-0.954, -0.00594796981620693
-0.953, -0.006026191846533615
-0.952, -0.006083480253310247
-0.951, -0.006118712038514373
-0.95, -0.006130738861862573
-0.949, -0.006118583672329329
-0.948, -0.006081361017422772
-0.947, -0.0060180752210822214
-0.946, -0.005928275007865261
-0.945, -0.005811220872276957
-0.944, -0.005666461538874905
-0.943, -0.0054937646527121
-0.942, -0.00529259253039606
-0.941, -0.005063085928340146
-0.94, -0.004805336445078005
-0.939, -0.004519679941899659
-0.938, -0.004206158859459026
-0.937, -0.003865494078215866
-0.936, -0.00349823518937203
-0.935, -0.0031053592439530308
-0.934, -0.0026878246679492095
-0.933, -0.0022467187359548916
-0.932, -0.0017832016960628752
-0.931, -0.0012987696576559763
-0.93, -0.0007948695722372905
-0.929, -0.00027308914772327563
-0.928, 0.00026461079660924214
-0.927, 0.0008163439416241324
-0.926, 0.0013800154288570066
-0.925, 0.001953567649913824
-0.924, 0.0025348752134856495
-0.923, 0.003121514117043873
-0.922, 0.0037110044829543674
-0.921, 0.0043007882695009604
-0.92, 0.00488861795399653
-0.919, 0.005471794738311539
-0.918, 0.0060478573698470334
-0.917, 0.006613783096992833
-0.916, 0.007167178450064875
-0.915, 0.00770521578232964
-0.914, 0.008225360867689704
-0.913, 0.00872486575013581
-0.912, 0.009201184295761158
-0.911, 0.009651794186277714
-0.91, 0.01007421035346775
-0.909, 0.010465983452541698
-0.908, 0.01082459788243731
-0.907, 0.011148026567605092
-0.906, 0.011434174649580651
-0.905, 0.011680843763556582
-0.904, 0.01188614087317096
-0.903, 0.012048313698475213
-0.902, 0.012165828880016178
-0.901, 0.012237288624170483
-0.9, 0.01226173969553136
-0.899, 0.012237155018549311
-0.898, 0.012163705882482256
-0.897, 0.012040194789167045
-0.896, 0.011866445258762194
-0.895, 0.011641900982840053
-0.894, 0.011366702717813983
-0.893, 0.01104097259506218
-0.892, 0.010665015943030109
-0.891, 0.010239485859262638
-0.89, 0.009765164289908626
-0.889, 0.009243443838007874
-0.888, 0.008675294837360086
-0.887, 0.00806226255522781
-0.886, 0.007406160337248701
-0.885, 0.006708899844819872
-0.884, 0.005972801574126907
-0.883, 0.005200155488510858
-0.882, 0.004393629853256706
-0.881, 0.003555594322429769
-0.88, 0.0026893769760856995
-0.879, 0.001797646079509481
-0.878, 0.0008842368633046994
-0.877, -4.7907611642735504e-05
-0.876, -0.0009950556210722552
-0.875, -0.0019536415393976284
-0.874, -0.002919860668859821
-0.873, -0.003889853963236501
-0.872, -0.004859694593390446
-0.871, -0.0058254929802547765
-0.87, -0.006783151005434358
-0.869, -0.007728645050674751
-0.868, -0.008658127977563003
-0.867, -0.009567367628516406
-0.866, -0.010452181003831993
-0.865, -0.011308782030785903
-0.864, -0.012133128466088512
-0.863, -0.012921659874737174
-0.862, -0.01367028485556255
-0.861, -0.014375705861353527
-0.86, -0.015034063845887789
-0.859, -0.015642286899675423
-0.858, -0.01619692481128259
-0.857, -0.016695382288922787
-0.856, -0.017134380410420053
-0.855, -0.017511549521709094
-0.854, -0.01782421464027912
-0.853, -0.018070458914149455
-0.852, -0.018248321524043275
-0.851, -0.018356007749358076
-0.85, -0.018392216585587706
-0.849, -0.018355879383173037
-0.848, -0.018246202288155794
-0.847, -0.018062342288698064
-0.846, -0.017804519831937458
-0.845, -0.01747260606926998
-0.844, -0.017066882513522383
-0.843, -0.016588338123529545
-0.842, -0.01603735120123538
-0.841, -0.015415772342347934
-0.84, -0.014725036590560906
-0.839, -0.013967372843526255
-0.838, -0.013144380716969816
-0.837, -0.012259071054692384
-0.836, -0.0113139170171023
-0.835, -0.010312429881322497
-0.834, -0.00925782750383981
-0.833, -0.00815376191819054
-0.832, -0.007003866532875813
-0.831, -0.005812477011821341
-0.83, -0.004583879861073115
-0.829, -0.003322380211712302
-0.828, -0.00203293110178136
-0.827, -0.0007204110691820512
-0.826, 0.0006100928088555995
-0.825, 0.001953530705171922
-0.824, 0.003304785009692346
-0.823, 0.004658317369744443
-0.822, 0.006008625156083901
-0.821, 0.007350005444006182
-0.82, 0.008677615419037643
-0.819, 0.009985489268682193
-0.818, 0.011268600981398902
-0.817, 0.012520752389744679
-0.816, 0.013737168462160767
-0.815, 0.014912273595904399
-0.814, 0.01604112147015891
-0.813, 0.017118429902817617
-0.812, 0.01813942386232178
-0.811, 0.01909941319842051
-0.81, 0.019993897675155935
-0.809, 0.02081871810844387
-0.808, 0.021569404795171023
-0.807, 0.022242526148938725
-0.806, 0.022834613333277968
-0.805, 0.023342216136754905
-0.804, 0.023762433939137535
-0.803, 0.02409256794229634
-0.802, 0.024330596261265398
-0.801, 0.024474510445530385
-0.8, 0.02452347939106272
-0.799, 0.024474376839909214
-0.798, 0.024328473263731477
-0.797, 0.024084449032988172
-0.796, 0.023742738324728774
-0.795, 0.023303273356038375
-0.794, 0.0227671414015113
-0.793, 0.022135472176395807
-0.792, 0.021409822855763816
-0.791, 0.020592220515164808
-0.79, 0.019684851611596815
-0.789, 0.018691062850150656
-0.788, 0.017613534403920713
-0.787, 0.01645582670790962
-0.786, 0.015221920939717904
-0.785, 0.013915957658394627
-0.784, 0.012542791586222797
-0.783, 0.011107124781262702
-0.782, 0.00961437346480858
-0.781, 0.008069288852800421
-0.78, 0.006478374441126814
-0.779, 0.004846863254014704
-0.778, 0.003181857536434232
-0.777, 0.0014888956410578336
-0.776, -0.00022514582486555786
-0.775, -0.001953678484139531
-0.774, -0.0036897832888612273
-0.773, -0.005426608974042685
-0.772, -0.007157236491781047
-0.771, -0.008874784044243801
-0.77, -0.010572161294270183
-0.769, -0.012242352404840116
-0.768, -0.01387879281437594
-0.767, -0.015474410810752053
-0.766, -0.01702218383972259
-0.765, -0.018515852668155364
-0.764, -0.019948810293818783
-0.763, -0.021315236851213698
-0.762, -0.02260850671307333
-0.761, -0.02382339876298012
-0.76, -0.024953763991370684
-0.759, -0.02599497331368321
-0.758, -0.026941683482121916
-0.757, -0.027789955759740224
-0.756, -0.02853480138506753
-0.755, -0.029172934718702127
-0.754, -0.02970045946435132
-0.753, -0.03011472598176529
-0.752, -0.030413162794776304
-0.751, -0.030593303460201775
-0.75, -0.03065369430931285
-0.749, -0.03059317509401674
-0.748, -0.03041104355888881
-0.747, -0.030106609356313905
-0.746, -0.029680764656009648
-0.745, -0.02913399126626301
-0.744, -0.02846730348816987
-0.743, -0.027682911594346975
-0.742, -0.026782109872074706
-0.741, -0.02576845875635572
-0.74, -0.024644736736043803
-0.739, -0.023415065745152844
-0.738, -0.02208260257448061
-0.737, -0.020652648031168903
-0.736, -0.01912959884483257
-0.735, -0.017519500518691968
-0.734, -0.015827830339730408
-0.733, -0.014060805100426189
-0.732, -0.012224531369688752
-0.731, -0.010326184365986705
-0.73, -0.008372890149908946
-0.729, -0.006371671275701324
-0.728, -0.004330473000171962
-0.727, -0.0022571660799882358
-0.726, -0.00015982981114580732
-0.725, 0.0019534937604300195
-0.724, 0.004074694805899043
-0.723, 0.006195120622445012
-0.722, 0.008306245829213436
-0.721, 0.010399222618511401
-0.72, 0.012466612884078758
-0.719, 0.014499183799052847
-0.718, 0.01648934459295077
-0.717, 0.018427721682496522
-0.716, 0.020307158474256664
-0.715, 0.02211933140947915
-0.714, 0.023856882072628118
-0.713, 0.025511994055499424
-0.712, 0.02707766342888241
-0.711, 0.02854703221056329
-0.71, 0.029913584996844125
-0.709, 0.031171452764346044
-0.708, 0.03231421170790474
-0.707, 0.03333702573027236
-0.706, 0.03423505201697528
-0.705, 0.03500358850995322
-0.704, 0.03563872700510411
-0.703, 0.03613682218611747
-0.702, 0.036495363642514614
-0.701, 0.03671173226689028
-0.7, 0.036785219086594066
-0.699, 0.03671159866126911
-0.698, 0.03649324064498068
-0.697, 0.036128703276809296
-0.696, 0.035619031390695347
-0.695, 0.03496464572923669
-0.694, 0.034167580085208614
-0.693, 0.03322997175772946
-0.692, 0.032154629768497534
-0.691, 0.030944955171066976
-0.69, 0.029604538933285005
-0.689, 0.028138681862293447
-0.688, 0.02655177397048133
-0.687, 0.024849390860591427
-0.686, 0.023037681542187112
-0.685, 0.02112301547196939
-0.684, 0.019112781598318695
-0.683, 0.017014094074014545
-0.682, 0.014835117076360448
-0.681, 0.012582983383171077
-0.68, 0.010267371906167928
-0.679, 0.007896080428519924
-0.678, 0.005479478209563767
-0.677, 0.0030256988937584026
-0.676, 0.000544763971341139
-0.675, -0.001953715428881433
-0.674, -0.004459705908862634
-0.673, -0.0069633639848488684
-0.672, -0.009454778390171649
-0.671, -0.011924075108232826
-0.67, -0.014361171583106007
-0.669, -0.016756059759005477
-0.668, -0.019099457651188874
-0.667, -0.021381453992987704
-0.666, -0.02359218667561319
-0.665, -0.025722923305524833
-0.664, -0.027764492121549054
-0.663, -0.029708813827690216
-0.662, -0.03154672857058412
-0.661, -0.03327109166460672
-0.66, -0.034873464136853584
-0.659, -0.036347659727690995
-0.658, -0.03768644215296125
-0.657, -0.03888452923055766
-0.656, -0.03993522235971503
-0.655, -0.04083431991569516
-0.654, -0.04157670428842349
-0.653, -0.04215899304938116
-0.652, -0.042578004065509316
-0.651, -0.04283059917104551
-0.65, -0.042915172033038004
-0.649, -0.04283047080486041
-0.648, -0.04257588482962184
-0.647, -0.04215087642392973
-0.646, -0.041557009480081834
-0.645, -0.04079537646325604
-0.644, -0.03986772446281735
-0.643, -0.038777485065164416
-0.642, -0.03752686854291403
-0.641, -0.0361211451703635
-0.64, -0.0345644368815267
-0.639, -0.032862758646779455
-0.638, -0.0310208244319914
-0.637, -0.02904622500764542
-0.636, -0.02694528067256284
-0.635, -0.024726571156061434
-0.634, -0.022397833175621013
-0.633, -0.01996784828266185
-0.632, -0.017445196206501687
-0.631, -0.014839891720152066
-0.63, -0.012161900438744766
-0.629, -0.009420962339690354
-0.628, -0.006628014898562562
-0.627, -0.0037939210907944206
-0.626, -0.0009297524311472143
-0.625, 0.001953456815688117
-0.624, 0.004844604602105742
-0.623, 0.00773192387514558
-0.622, 0.010603866502342971
-0.621, 0.013448439793016624
-0.62, 0.016255610349119872
-0.619, 0.0190128783294235
-0.618, 0.021710088204502636
-0.617, 0.02433469097524837
-0.616, 0.026877148486352552
-0.615, 0.02932638922305391
-0.614, 0.03167264267509732
-0.613, 0.033905558208181245
-0.612, 0.03601590299544303
-0.611, 0.03799465122270607
-0.61, 0.039833272318532315
-0.609, 0.04152418742024821
-0.608, 0.04305901862063844
-0.607, 0.044431525311605984
-0.606, 0.0456354907006726
-0.605, 0.04666496088315153
-0.604, 0.04751502007107069
-0.603, 0.048181076429938595
-0.602, 0.048660131023763833
-0.601, 0.04894895408825017
-0.6, 0.049046958782125435
-0.599, 0.04894882048262902
-0.598, 0.0486580080262299
-0.597, 0.04817295752063044
-0.596, 0.04749532445666193
-0.595, 0.04662601810243501
-0.594, 0.045568018768905934
-0.593, 0.044324471339063094
-0.592, 0.04289943668123123
-0.591, 0.04129768982696915
-0.59, 0.03952422625497319
-0.589, 0.03758630087443623
-0.588, 0.03549001353704195
-0.587, 0.03324295501327324
-0.586, 0.03085344214465632
-0.585, 0.028330073285544138
-0.584, 0.02568277161041458
-0.583, 0.02292106336676639
-0.582, 0.02005586068791232
-0.581, 0.01709667791354173
-0.58, 0.01405636937120904
-0.579, 0.010945297603025147
-0.578, 0.007777098882693299
-0.577, 0.004562502146458971
-0.576, 0.0013146737675478366
-0.575, -0.001953752373623335
-0.574, -0.00522962852886404
-0.573, -0.008500118995655054
-0.572, -0.011752320288562249
-0.571, -0.014973366172221851
-0.57, -0.01815018187194183
-0.569, -0.021269767113170843
-0.568, -0.024320122488001812
-0.567, -0.02728849717522335
-0.566, -0.030162189511503804
-0.565, -0.032929993942894295
-0.564, -0.03558017394927932
-0.563, -0.03810239080416674
-0.562, -0.040484950428094905
-0.561, -0.04271878456623331
-0.56, -0.044793164282336484
-0.559, -0.04670034614169877
-0.558, -0.048431200823800584
-0.557, -0.049979102701375094
-0.556, -0.0513356433343625
-0.555, -0.05249570511268818
-0.554, -0.05345294911249569
-0.553, -0.05420326011699699
-0.552, -0.05474284533624234
-0.551, -0.05506789488188919
-0.55, -0.05517664975676311
-0.549, -0.055067766515704136
-0.548, -0.054740726100354874
-0.547, -0.054195143491545576
-0.546, -0.05343325430415402
-0.545, -0.05245676166024907
-0.544, -0.05126814543746482
-0.543, -0.04987205853598185
-0.542, -0.04827162721375337
-0.541, -0.04647383158437128
-0.54, -0.04448413702700962
-0.539, -0.042310451548406035
-0.538, -0.03995904628950218
-0.537, -0.037439801984121945
-0.536, -0.03476096250029312
-0.535, -0.031933641793430896
-0.534, -0.02896783601151162
-0.533, -0.02587489146489749
-0.532, -0.02266586104331463
-0.531, -0.01935359907431743
-0.53, -0.015950910727580585
-0.529, -0.012470253403679382
-0.528, -0.008925556796953163
-0.527, -0.005330676101600605
-0.526, -0.0016996750511486206
-0.525, 0.001953419870946215
-0.524, 0.00561451439831244
-0.523, 0.009268727127846153
-0.522, 0.012901487175472504
-0.521, 0.01649765696752185
-0.52, 0.020044607814160988
-0.519, 0.02352657285979415
-0.518, 0.026930831816054508
-0.517, 0.030241660268000212
-0.516, 0.033447138498448443
-0.515, 0.036533447036628676
-0.514, 0.03948840327756652
-0.513, 0.042299122360863056
-0.512, 0.04495414256200367
-0.511, 0.04744227023484886
-0.51, 0.049752959640220515
-0.509, 0.051876922076150384
-0.508, 0.05380382553337215
-0.507, 0.05552602489293963
-0.506, 0.057035929384369924
-0.505, 0.05832633325634986
-0.504, 0.05939131313703727
-0.503, 0.060225330673759736
-0.502, 0.06082489840501305
-0.501, 0.061186175909610084
-0.5, 0.06130869847765679
-0.499, 0.06118604230398891
-0.498, 0.06082277540747913
-0.497, 0.060217211764451564
-0.496, 0.059371617522628505
-0.495, 0.05828739047563332
-0.494, 0.05696845745260325
-0.493, 0.05541897092039672
-0.492, 0.05364424359396494
-0.491, 0.05165042448287132
-0.49, 0.04944391357666138
-0.489, 0.04703391988657902
-0.488, 0.044428253103602586
-0.487, 0.041636519165955045
-0.486, 0.03866920274712552
-0.485, 0.035537131099118886
-0.484, 0.03225276162251047
-0.483, 0.02882803265951823
-0.482, 0.02527660429946419
-0.481, 0.02161037244391239
-0.48, 0.01784536683625015
-0.479, 0.01399451477753037
-0.478, 0.010074719555822832
-0.477, 0.00609930539915954
-0.476, 0.002084583563754533
-0.475, -0.0019537893183652374
-0.474, -0.005999551148865448
-0.473, -0.010036874006461239
-0.472, -0.014049862186952852
-0.471, -0.018022657236210878
-0.47, -0.021939192160777655
-0.469, -0.02578347446733621
-0.468, -0.029540787324814747
-0.467, -0.033195540357459
-0.466, -0.03673219234739441
-0.465, -0.04013706458026376
-0.464, -0.04339585577700959
-0.463, -0.04649596778064326
-0.462, -0.04942317228560569
-0.461, -0.05216647746785991
-0.46, -0.05471286442781938
-0.459, -0.057053032555706554
-0.458, -0.0591759594946399
-0.457, -0.06107367617219254
-0.456, -0.06273606430900996
-0.455, -0.0641570903096812
-0.454, -0.06532919393656789
-0.453, -0.06624752718461283
-0.452, -0.06690768660697537
-0.451, -0.0673051905927329
-0.45, -0.06743812748048826
-0.449, -0.0673050622265478
-0.448, -0.0669055673710879
-0.447, -0.0662394105591614
-0.446, -0.06530949912822624
-0.445, -0.06411814685724207
-0.444, -0.0626685664121123
-0.443, -0.0609666320067993
-0.442, -0.05901638588459269
-0.441, -0.05682651799837907
-0.44, -0.0544038371724925
-0.439, -0.05175814445003263
-0.438, -0.048897268147012965
-0.437, -0.04583337896059846
-0.436, -0.04257664432802338
-0.435, -0.03914071243080036
-0.434, -0.03553783884740222
-0.433, -0.031781934647133143
-0.432, -0.02788652588012756
-0.431, -0.023867306428482792
-0.43, -0.01973992101641641
-0.429, -0.015519544467668404
-0.428, -0.011223098695343768
-0.427, -0.006867431112406789
-0.426, -0.002469597671150027
-0.425, 0.0019533829262043125
-0.424, 0.006384424194519135
-0.423, 0.01080553038054672
-0.422, 0.015199107848602034
-0.421, 0.01954687414202707
-0.42, 0.0238336052792021
-0.419, 0.028040267390164807
-0.418, 0.03215157542760638
-0.417, 0.03614862956075204
-0.416, 0.04001712851054433
-0.415, 0.043740504850203435
-0.414, 0.047304163880035714
-0.413, 0.05069268651354487
-0.412, 0.05389238212856429
-0.411, 0.056889889246991635
-0.41, 0.059672646961908715
-0.409, 0.062229656732052545
-0.408, 0.06454863244610587
-0.407, 0.06662052447427329
-0.406, 0.06843636806806724
-0.405, 0.06998770562954817
-0.404, 0.07126760620300385
-0.403, 0.07226958491758086
-0.402, 0.07298966578626227
-0.401, 0.07342339773096998
-0.4, 0.07357043817318817
-0.399, 0.07342326412534882
-0.398, 0.07298754278872834
-0.397, 0.07226146600827271
-0.396, 0.07124791058859507
-0.395, 0.06994876284883166
-0.394, 0.06836889613630055
-0.393, 0.06651347050173037
-0.392, 0.06438905050669866
-0.391, 0.06200315913877349
-0.39, 0.059363600898349564
-0.389, 0.056481538898721824
-0.388, 0.053366492670163204
-0.387, 0.05003008331863686
-0.386, 0.04648496334959472
-0.385, 0.04274418891269364
-0.384, 0.03882275163460637
-0.383, 0.03473500195227008
-0.382, 0.030497347911016055
-0.381, 0.02612406697428304
-0.38, 0.021634364301291266
-0.379, 0.01704373195203559
-0.378, 0.012372340228952367
-0.377, 0.007636108651860108
-0.376, 0.00285449335996123
-0.375, -0.0019538262631071395
-0.374, -0.006769473768866855
-0.373, -0.011573629017267422
-0.372, -0.01634740408534345
-0.371, -0.021071948300199903
-0.37, -0.025728202449613477
-0.369, -0.03029718182150157
-0.368, -0.034761452161627675
-0.367, -0.039102583539694646
-0.366, -0.043302195183285
-0.365, -0.047344135217633226
-0.364, -0.051211537604739864
-0.363, -0.054889544757119775
-0.362, -0.05836139414311647
-0.361, -0.0616141703694865
-0.36, -0.06463256457330227
-0.359, -0.06740571896971434
-0.358, -0.06992071816547922
-0.357, -0.07216824964300998
-0.356, -0.07413648528365745
-0.355, -0.07581847550667423
-0.354, -0.0772054387606401
-0.353, -0.07829179425222865
-0.352, -0.07907252787770838
-0.351, -0.0795424863035766
-0.35, -0.07969960520421342
-0.349, -0.07954235793739149
-0.348, -0.0790704086418209
-0.347, -0.07828367762677722
-0.346, -0.07718574395229845
-0.345, -0.07577953205423509
-0.344, -0.07406898738675978
-0.343, -0.07206120547761673
-0.342, -0.06976114455543202
-0.341, -0.06717920441238685
-0.34, -0.06432353731797537
-0.339, -0.06120583735165923
-0.338, -0.05783549000452375
-0.337, -0.05422695593707498
-0.336, -0.05039232615575366
-0.335, -0.04634778306816983
-0.334, -0.042107841683292825
-0.333, -0.03768897782936879
-0.332, -0.0331071907169405
-0.331, -0.02838101378264815
-0.33, -0.023528931305252236
-0.329, -0.01856883553165743
-0.328, -0.013520640593734366
-0.327, -0.008404186123212974
-0.326, -0.0032395202911514346
-0.325, 0.001953345981462411
-0.324, 0.007154333990725832
-0.323, 0.01234233363324729
-0.322, 0.017496728521731567
-0.321, 0.022596091316532292
-0.32, 0.027622602744243215
-0.319, 0.03255396192053546
-0.318, 0.037372319039158254
-0.317, 0.042055598853503885
-0.316, 0.046587118522640227
-0.315, 0.050947562663778194
-0.314, 0.05511992448250493
-0.313, 0.05908625066622668
-0.312, 0.0628306216951249
-0.311, 0.06633750825913445
-0.31, 0.06959233428359689
-0.309, 0.0725823913879547
-0.308, 0.07529343935883959
-0.307, 0.0777150240556069
-0.306, 0.07983680675176455
-0.305, 0.08164907800274648
-0.304, 0.08314389926897042
-0.303, 0.084313839161402
-0.302, 0.08515443316751149
-0.301, 0.08566061955232987
-0.3, 0.08583217786871954
-0.299, 0.0856604859467087
-0.298, 0.08515231016997757
-0.297, 0.08430572025209385
-0.296, 0.08312420365456165
-0.295, 0.08161013522202995
-0.294, 0.07976933481999789
-0.293, 0.07760797008306398
-0.292, 0.07513385741943236
-0.291, 0.07235589379467568
-0.29, 0.06928328822003775
-0.289, 0.06592915791086464
-0.288, 0.06230473223672383
-0.287, 0.05842364747131867
-0.286, 0.05430072395206392
-0.285, 0.04995124672626839
-0.284, 0.04539274164670226
-0.283, 0.04064197124502191
-0.282, 0.03571809152256793
-0.281, 0.030637761504653693
-0.28, 0.025423361766332385
-0.279, 0.020092949126540808
-0.278, 0.0146699609020819
-0.277, 0.00917291190456068
-0.276, 0.003624403156167928
-0.275, -0.0019538632078490415
-0.274, -0.007539396388868262
-0.273, -0.013110384028073609
-0.272, -0.01864494598373405
-0.271, -0.024121239364188925
-0.27, -0.0295172127384493
-0.269, -0.03481088917566694
-0.268, -0.03998211699844062
-0.267, -0.04500962672193029
-0.266, -0.04987219801917559
-0.265, -0.0545512058550027
-0.264, -0.059027219432470135
-0.263, -0.06328312173359629
-0.262, -0.06729961600062725
-0.261, -0.07106186327111311
-0.26, -0.07455226471878518
-0.259, -0.07775840538372214
-0.258, -0.08066547683631853
-0.257, -0.08326282311382742
-0.256, -0.08553690625830492
-0.255, -0.08747986070366726
-0.254, -0.08908168358471229
-0.253, -0.09033606131984448
-0.252, -0.0912373691484414
-0.251, -0.09177978201442032
-0.25, -0.09196108292793857
-0.249, -0.0917796536482352
-0.248, -0.09123524991255393
-0.247, -0.09032794469439308
-0.246, -0.0890619887763706
-0.245, -0.08744091725122814
-0.244, -0.08546940836140726
-0.243, -0.08315577894843418
-0.242, -0.08050590322627137
-0.241, -0.07753189082639464
-0.24, -0.07424323746345823
-0.239, -0.07065353025328584
-0.238, -0.06677371186203451
-0.237, -0.0626205329135515
-0.236, -0.05820800798348393
-0.235, -0.053554853705539286
-0.234, -0.04867784451918343
-0.233, -0.04359602101160443
-0.232, -0.03832785555375344
-0.231, -0.03289472113681353
-0.23, -0.027317941594088055
-0.229, -0.02161812659564646
-0.228, -0.01581818249212497
-0.227, -0.009940941134019155
-0.226, -0.004009442911152842
-0.225, 0.0019533090367205084
-0.224, 0.00792424378693253
-0.223, 0.013879136885947862
-0.222, 0.019794349194861102
-0.221, 0.025645308491037515
-0.22, 0.03141160020928433
-0.219, 0.03706765645090611
-0.218, 0.04259306265071013
-0.217, 0.04796256814625573
-0.216, 0.05315710853473613
-0.215, 0.05815462047735293
-0.214, 0.06293568508497413
-0.213, 0.0674798148189085
-0.212, 0.07176886126168554
-0.211, 0.07578512727127724
-0.21, 0.07951202160528506
-0.209, 0.08293512604385687
-0.208, 0.08603824627157328
-0.207, 0.08880952363694056
-0.206, 0.09123724543546187
-0.205, 0.09331045037594482
-0.204, 0.09502019233493703
-0.203, 0.09635809340522315
-0.202, 0.09731920054876071
-0.201, 0.09789784137368977
-0.2, 0.09809391756425086
-0.199, 0.0978977077680686
-0.198, 0.09731707755122677
-0.197, 0.096349974495915
-0.196, 0.09500049672052822
-0.195, 0.09327150759522827
-0.194, 0.09116977350369519
-0.193, 0.08870246966439764
-0.192, 0.08587866433216608
-0.191, 0.08270862845057786
-0.19, 0.07920297554172594
-0.189, 0.0753767769230074
-0.188, 0.07124297180328446
-0.187, 0.06681721162400048
-0.186, 0.06211648455453312
-0.185, 0.05715830453984315
-0.184, 0.05196273165879816
-0.183, 0.04654894053777377
-0.182, 0.040938835134119785
-0.181, 0.03515145603502435
-0.18, 0.029212359231373497
-0.179, 0.023142166301046034
-0.178, 0.016967581575211433
-0.177, 0.010709715157261249
-0.176, 0.0043943129523746245
-0.175, -0.001953900152590944
-0.174, -0.008309319008869671
-0.173, -0.014647139038879792
-0.172, -0.020942487882124654
-0.171, -0.027170530428177953
-0.17, -0.03330622302728513
-0.169, -0.039324596529832306
-0.168, -0.04520278183525356
-0.167, -0.05091666990416594
-0.166, -0.05644220085506621
-0.165, -0.06175827649237216
-0.164, -0.06684290126020039
-0.163, -0.07167669871007282
-0.162, -0.07623783785813808
-0.161, -0.08050955617273971
-0.16, -0.08447196486426806
-0.159, -0.08811109179772991
-0.158, -0.09141023550715785
-0.157, -0.09435739658464487
-0.156, -0.0969373272329524
-0.155, -0.09914124590066029
-0.154, -0.10095792840878445
-0.153, -0.10238032838746032
-0.152, -0.10340221041917443
-0.151, -0.104017077725264
-0.15, -0.10422256065166371
-0.149, -0.10401694935907893
-0.148, -0.10340009118328694
-0.147, -0.10237221176200889
-0.146, -0.10093823360044282
-0.145, -0.09910230244822116
-0.144, -0.09686982933605477
-0.143, -0.09425035241925162
-0.142, -0.09125066189711069
-0.141, -0.08788457724040244
-0.14, -0.08416293760894114
-0.139, -0.08010122315491243
-0.138, -0.07571193371954531
-0.137, -0.07101410989002804
-0.136, -0.0660236898112142
-0.135, -0.06076192434290875
-0.134, -0.05524784735507402
-0.133, -0.04950306419384008
-0.132, -0.043548520390566385
-0.131, -0.03740842849097889
-0.13, -0.031106951882923884
-0.129, -0.024667417659635486
-0.128, -0.018115724390515564
-0.127, -0.011477696144825342
-0.126, -0.004779365531154251
-0.125, 0.001953272091978606
-0.124, 0.008694153583139224
-0.123, 0.015415940138648429
-0.122, 0.022091969867990637
-0.121, 0.02869452566554273
-0.12, 0.03520059767432544
-0.119, 0.04158135098127677
-0.118, 0.047813806262262
-0.117, 0.053869537439007575
-0.116, 0.05972709854683202
-0.115, 0.06536167829092768
-0.114, 0.07075144568744335
-0.113, 0.0758733789715903
-0.112, 0.08070710082824616
-0.111, 0.08523274628342002
-0.11, 0.08943170892697327
-0.109, 0.09328786069975904
-0.108, 0.09678305318430698
-0.107, 0.09990402321827423
-0.106, 0.10263768411915918
-0.105, 0.10497182274914311
-0.104, 0.10689648540090359
-0.103, 0.10840234764904429
-0.102, 0.10948396793000992
-0.101, 0.11013506319504966
-0.1, 0.11035565725978222
-0.099, 0.1101349295894285
-0.098, 0.109481844932476
-0.097, 0.10839422873973611
-0.096, 0.10687678978649481
-0.095, 0.10493287996842658
-0.094, 0.10257021218739251
-0.093, 0.0997969692457313
-0.092, 0.09662347124489981
-0.091, 0.09306136310648001
-0.09, 0.08912266286341414
-0.089, 0.08482439593515022
-0.088, 0.08018121136984507
-0.087, 0.0752107757766823
-0.086, 0.06993224515700233
-0.085, 0.06436536235341793
-0.084, 0.05853272167089405
-0.083, 0.05245590983052561
-0.082, 0.046159578745671656
-0.081, 0.039665150565395
-0.08, 0.03300135669641462
-0.079, 0.026191383475551253
-0.078, 0.019265202248340958
-0.077, 0.012246518409961816
-0.076, 0.0051642227485813215
-0.075, -0.001953937097332846
-0.074, -0.009079241628871077
-0.073, -0.016183894049685975
-0.072, -0.023240029780515255
-0.071, -0.03021982149216698
-0.07, -0.03709523331612095
-0.069, -0.04383830388399767
-0.068, -0.0504234466720665
-0.067, -0.0568237130864016
-0.066, -0.06301220369095681
-0.065, -0.06896534712974162
-0.064, -0.07465858308793068
-0.063, -0.08007027568654933
-0.062, -0.08517605971564886
-0.061, -0.08995724907436631
-0.06, -0.09439166500975096
-0.059, -0.0984637782117377
-0.058, -0.10215499417799719
-0.057, -0.1054519700554623
-0.056, -0.1083377482075999
-0.055, -0.11080263109765331
-0.054, -0.11283417323285665
-0.053, -0.11442459545507616
-0.052, -0.11556705168990744
-0.051, -0.11625437343610771
-0.05, -0.11648403837538888
-0.049, -0.1162542450699226
-0.048, -0.11556493245401997
-0.047, -0.11441647882962472
-0.046, -0.11281447842451502
-0.045, -0.11076368764521419
-0.044, -0.10827025031070223
-0.043, -0.10534492589006904
-0.042, -0.10199542056795
-0.041, -0.0982372636544102
-0.04, -0.09408263775442409
-0.039, -0.08954891605653903
-0.038, -0.08465015557705609
-0.037, -0.07940768686650454
-0.036, -0.07383937163894447
-0.035, -0.06796899498027821
-0.034, -0.06181785019096462
-0.033, -0.055410107376075726
-0.032, -0.048769185227379316
-0.031, -0.04192213584514425
-0.03, -0.03489596217175971
-0.029, -0.027716708723624507
-0.028, -0.020413266288906173
-0.027, -0.013014451155631525
-0.026, -0.005549288151155659
-0.025, 0.001953235147236704
-0.024, 0.009464063379345923
-0.023, 0.016952743391348994
-0.022, 0.024389590541120172
-0.021, 0.03174374284004796
-0.02, 0.03898959513936656
-0.019, 0.04609504551164743
-0.018, 0.05303454987381387
-0.017, 0.059776506731759424
-0.016, 0.06629708855892791
-0.015, 0.07256873610450243
-0.014, 0.07856720628991257
-0.013, 0.08426694312427213
-0.012, 0.08964534039480676
-0.011, 0.09468036529556283
-0.01, 0.09935139624866143
-0.009, 0.10364059535566122
-0.008, 0.10752786009704073
-0.007, 0.11099852279960783
-0.006, 0.1140381228028565
-0.005, 0.11663319512234141
-0.004, 0.11877277846687016
-0.003, 0.12044660189286543
-0.002, 0.12164873531125915
-0.001, 0.12237228501640955
0.0, 0.1226173969553136
0.001, 0.12237228501640955
0.002, 0.12164873531125915
0.003, 0.12044660189286543
0.004, 0.11877277846687016
0.005, 0.11663319512234141
0.006, 0.1140381228028565
0.007, 0.11099852279960783
0.008, 0.10752786009704073
0.009, 0.10364059535566122
0.01, 0.09935139624866143
0.011, 0.09468036529556283
0.012, 0.08964534039480676
0.013, 0.08426694312427213
0.014, 0.07856720628991257
0.015, 0.07256873610450243
0.016, 0.06629708855892791
0.017, 0.059776506731759424
0.018, 0.05303454987381387
0.019, 0.04609504551164743
0.02, 0.03898959513936656
0.021, 0.03174374284004796
0.022, 0.024389590541120172
0.023, 0.016952743391348994
0.024, 0.009464063379345923
0.025, 0.001953235147236704
0.026, -0.005549288151155659
0.027, -0.013014451155631525
0.028, -0.020413266288906173
0.029, -0.027716708723624507
0.03, -0.03489596217175971
0.031, -0.04192213584514425
0.032, -0.048769185227379316
0.033, -0.055410107376075726
0.034, -0.06181785019096462
0.035, -0.06796899498027821
0.036, -0.07383937163894447
0.037, -0.07940768686650454
0.038, -0.08465015557705609
0.039, -0.08954891605653903
0.04, -0.09408263775442409
0.041, -0.0982372636544102
0.042, -0.10199542056795
0.043, -0.10534492589006904
0.044, -0.10827025031070223
0.045, -0.11076368764521419
0.046, -0.11281447842451502
0.047, -0.11441647882962472
0.048, -0.11556493245401997
0.049, -0.1162542450699226
0.05, -0.11648403837538888
0.051, -0.11625437343610771
0.052, -0.11556705168990744
0.053, -0.11442459545507616
0.054, -0.11283417323285665
0.055, -0.11080263109765331
0.056, -0.1083377482075999
0.057, -0.1054519700554623
0.058, -0.10215499417799719
0.059, -0.0984637782117377
0.06, -0.09439166500975096
0.061, -0.08995724907436631
0.062, -0.08517605971564886
0.063, -0.08007027568654933
0.064, -0.07465858308793068
0.065, -0.06896534712974162
0.066, -0.06301220369095681
0.067, -0.0568237130864016
0.068, -0.0504234466720665
0.069, -0.04383830388399767
0.07, -0.03709523331612095
0.071, -0.03021982149216698
0.072, -0.023240029780515255
0.073, -0.016183894049685975
0.074, -0.009079241628871077
0.075, -0.001953937097332846
0.076, 0.0051642227485813215
0.077, 0.012246518409961816
0.078, 0.019265202248340958
0.079, 0.026191383475551253
0.08, 0.03300135669641462
0.081, 0.039665150565395
0.082, 0.046159578745671656
0.083, 0.05245590983052561
0.084, 0.05853272167089405
0.085, 0.06436536235341793
0.086, 0.06993224515700233
0.087, 0.0752107757766823
0.088, 0.08018121136984507
0.089, 0.08482439593515022
0.09, 0.08912266286341414
0.091, 0.09306136310648001
0.092, 0.09662347124489981
0.093, 0.0997969692457313
0.094, 0.10257021218739251
0.095, 0.10493287996842658
0.096, 0.10687678978649481
0.097, 0.10839422873973611
0.098, 0.109481844932476
0.099, 0.1101349295894285
0.1, 0.11035565725978222
0.101, 0.11013506319504966
0.102, 0.10948396793000992
0.103, 0.10840234764904429
0.104, 0.10689648540090359
0.105, 0.10497182274914311
0.106, 0.10263768411915918
0.107, 0.09990402321827423
0.108, 0.09678305318430698
0.109, 0.09328786069975904
0.11, 0.08943170892697327
0.111, 0.08523274628342002
0.112, 0.08070710082824616
0.113, 0.0758733789715903
0.114, 0.07075144568744335
0.115, 0.06536167829092768
0.116, 0.05972709854683202
0.117, 0.053869537439007575
0.118, 0.047813806262262
0.119, 0.04158135098127677
0.12, 0.03520059767432544
0.121, 0.02869452566554273
0.122, 0.022091969867990637
0.123, 0.015415940138648429
0.124, 0.008694153583139224
0.125, 0.001953272091978606
0.126, -0.004779365531154251
0.127, -0.011477696144825342
0.128, -0.018115724390515564
0.129, -0.024667417659635486
0.13, -0.031106951882923884
0.131, -0.03740842849097889
0.132, -0.043548520390566385
0.133, -0.04950306419384008
0.134, -0.05524784735507402
0.135, -0.06076192434290875
0.136, -0.0660236898112142
0.137, -0.07101410989002804
0.138, -0.07571193371954531
0.139, -0.08010122315491243
0.14, -0.08416293760894114
0.141, -0.08788457724040244
0.142, -0.09125066189711069
0.143, -0.09425035241925162
0.144, -0.09686982933605477
0.145, -0.09910230244822116
0.146, -0.10093823360044282
0.147, -0.10237221176200889
0.148, -0.10340009118328694
0.149, -0.10401694935907893
0.15, -0.10422256065166371
0.151, -0.104017077725264
0.152, -0.10340221041917443
0.153, -0.10238032838746032
0.154, -0.10095792840878445
0.155, -0.09914124590066029
0.156, -0.0969373272329524
0.157, -0.09435739658464487
0.158, -0.09141023550715785
0.159, -0.08811109179772991
0.16, -0.08447196486426806
0.161, -0.08050955617273971
0.162, -0.07623783785813808
0.163, -0.07167669871007282
0.164, -0.06684290126020039
0.165, -0.06175827649237216
0.166, -0.05644220085506621
0.167, -0.05091666990416594
0.168, -0.04520278183525356
0.169, -0.039324596529832306
0.17, -0.03330622302728513
0.171, -0.027170530428177953
0.172, -0.020942487882124654
0.173, -0.014647139038879792
0.174, -0.008309319008869671
0.175, -0.001953900152590944
0.176, 0.0043943129523746245
0.177, 0.010709715157261249
0.178, 0.016967581575211433
0.179, 0.023142166301046034
0.18, 0.029212359231373497
0.181, 0.03515145603502435
0.182, 0.040938835134119785
0.183, 0.04654894053777377
0.184, 0.05196273165879816
0.185, 0.05715830453984315
0.186, 0.06211648455453312
0.187, 0.06681721162400048
0.188, 0.07124297180328446
0.189, 0.0753767769230074
0.19, 0.07920297554172594
0.191, 0.08270862845057786
0.192, 0.08587866433216608
0.193, 0.08870246966439764
0.194, 0.09116977350369519
0.195, 0.09327150759522827
0.196, 0.09500049672052822
0.197, 0.096349974495915
0.198, 0.09731707755122677
0.199, 0.0978977077680686
0.2, 0.09809391756425086
0.201, 0.09789784137368977
0.202, 0.09731920054876071
0.203, 0.09635809340522315
0.204, 0.09502019233493703
0.205, 0.09331045037594482
0.206, 0.09123724543546187
0.207, 0.08880952363694056
0.208, 0.08603824627157328
0.209, 0.08293512604385687
0.21, 0.07951202160528506
0.211, 0.07578512727127724
0.212, 0.07176886126168554
0.213, 0.0674798148189085
0.214, 0.06293568508497413
0.215, 0.05815462047735293
0.216, 0.05315710853473613
0.217, 0.04796256814625573
0.218, 0.04259306265071013
0.219, 0.03706765645090611
0.22, 0.03141160020928433
0.221, 0.025645308491037515
0.222, 0.019794349194861102
0.223, 0.013879136885947862
0.224, 0.00792424378693253
0.225, 0.0019533090367205084
0.226, -0.004009442911152842
0.227, -0.009940941134019155
0.228, -0.01581818249212497
0.229, -0.02161812659564646
0.23, -0.027317941594088055
0.231, -0.03289472113681353
0.232, -0.03832785555375344
0.233, -0.04359602101160443
0.234, -0.04867784451918343
0.235, -0.053554853705539286
0.236, -0.05820800798348393
0.237, -0.0626205329135515
0.238, -0.06677371186203451
0.239, -0.07065353025328584
0.24, -0.07424323746345823
0.241, -0.07753189082639464
0.242, -0.08050590322627137
0.243, -0.08315577894843418
0.244, -0.08546940836140726
0.245, -0.08744091725122814
0.246, -0.0890619887763706
0.247, -0.09032794469439308
0.248, -0.09123524991255393
0.249, -0.0917796536482352
0.25, -0.09196108292793857
0.251, -0.09177978201442032
0.252, -0.0912373691484414
0.253, -0.09033606131984448
0.254, -0.08908168358471229
0.255, -0.08747986070366726
0.256, -0.08553690625830492
0.257, -0.08326282311382742
0.258, -0.08066547683631853
0.259, -0.07775840538372214
0.26, -0.07455226471878518
0.261, -0.07106186327111311
0.262, -0.06729961600062725
0.263, -0.06328312173359629
0.264, -0.059027219432470135
0.265, -0.0545512058550027
0.266, -0.04987219801917559
0.267, -0.04500962672193029
0.268, -0.03998211699844062
0.269, -0.03481088917566694
0.27, -0.0295172127384493
0.271, -0.024121239364188925
0.272, -0.01864494598373405
0.273, -0.013110384028073609
0.274, -0.007539396388868262
0.275, -0.0019538632078490415
0.276, 0.003624403156167928
0.277, 0.00917291190456068
0.278, 0.0146699609020819
0.279, 0.020092949126540808
0.28, 0.025423361766332385
0.281, 0.030637761504653693
0.282, 0.03571809152256793
0.283, 0.04064197124502191
0.284, 0.04539274164670226
0.285, 0.04995124672626839
0.286, 0.05430072395206392
0.287, 0.05842364747131867
0.288, 0.06230473223672383
0.289, 0.06592915791086464
0.29, 0.06928328822003775
0.291, 0.07235589379467568
0.292, 0.07513385741943236
0.293, 0.07760797008306398
0.294, 0.07976933481999789
0.295, 0.08161013522202995
0.296, 0.08312420365456165
0.297, 0.08430572025209385
0.298, 0.08515231016997757
0.299, 0.0856604859467087
0.3, 0.08583217786871954
0.301, 0.08566061955232987
0.302, 0.08515443316751149
0.303, 0.084313839161402
0.304, 0.08314389926897042
0.305, 0.08164907800274648
0.306, 0.07983680675176455
0.307, 0.0777150240556069
0.308, 0.07529343935883959
0.309, 0.0725823913879547
0.31, 0.06959233428359689
0.311, 0.06633750825913445
0.312, 0.0628306216951249
0.313, 0.05908625066622668
0.314, 0.05511992448250493
0.315, 0.050947562663778194
0.316, 0.046587118522640227
0.317, 0.042055598853503885
0.318, 0.037372319039158254
0.319, 0.03255396192053546
0.32, 0.027622602744243215
0.321, 0.022596091316532292
0.322, 0.017496728521731567
0.323, 0.01234233363324729
0.324, 0.007154333990725832
0.325, 0.001953345981462411
0.326, -0.0032395202911514346
0.327, -0.008404186123212974
0.328, -0.013520640593734366
0.329, -0.01856883553165743
0.33, -0.023528931305252236
0.331, -0.02838101378264815
0.332, -0.0331071907169405
0.333, -0.03768897782936879
0.334, -0.042107841683292825
0.335, -0.04634778306816983
0.336, -0.05039232615575366
0.337, -0.05422695593707498
0.338, -0.05783549000452375
0.339, -0.06120583735165923
0.34, -0.06432353731797537
0.341, -0.06717920441238685
0.342, -0.06976114455543202
0.343, -0.07206120547761673
0.344, -0.07406898738675978
0.345, -0.07577953205423509
0.346, -0.07718574395229845
0.347, -0.07828367762677722
0.348, -0.0790704086418209
0.349, -0.07954235793739149
0.35, -0.07969960520421342
0.351, -0.0795424863035766
0.352, -0.07907252787770838
0.353, -0.07829179425222865
0.354, -0.0772054387606401
0.355, -0.07581847550667423
0.356, -0.07413648528365745
0.357, -0.07216824964300998
0.358, -0.06992071816547922
0.359, -0.06740571896971434
0.36, -0.06463256457330227
0.361, -0.0616141703694865
0.362, -0.05836139414311647
0.363, -0.054889544757119775
0.364, -0.051211537604739864
0.365, -0.047344135217633226
0.366, -0.043302195183285
0.367, -0.039102583539694646
0.368, -0.034761452161627675
0.369, -0.03029718182150157
0.37, -0.025728202449613477
0.371, -0.021071948300199903
0.372, -0.01634740408534345
0.373, -0.011573629017267422
0.374, -0.006769473768866855
0.375, -0.0019538262631071395
0.376, 0.00285449335996123
0.377, 0.007636108651860108
0.378, 0.012372340228952367
0.379, 0.01704373195203559
0.38, 0.021634364301291266
0.381, 0.02612406697428304
0.382, 0.030497347911016055
0.383, 0.03473500195227008
0.384, 0.03882275163460637
0.385, 0.04274418891269364
0.386, 0.04648496334959472
0.387, 0.05003008331863686
0.388, 0.053366492670163204
0.389, 0.056481538898721824
0.39, 0.059363600898349564
0.391, 0.06200315913877349
0.392, 0.06438905050669866
0.393, 0.06651347050173037
0.394, 0.06836889613630055
0.395, 0.06994876284883166
0.396, 0.07124791058859507
0.397, 0.07226146600827271
0.398, 0.07298754278872834
0.399, 0.07342326412534882
0.4, 0.07357043817318817
0.401, 0.07342339773096998
0.402, 0.07298966578626227
0.403, 0.07226958491758086
0.404, 0.07126760620300385
0.405, 0.06998770562954817
0.406, 0.06843636806806724
0.407, 0.06662052447427329
0.408, 0.06454863244610587
0.409, 0.062229656732052545
0.41, 0.059672646961908715
0.411, 0.056889889246991635
0.412, 0.05389238212856429
0.413, 0.05069268651354487
0.414, 0.047304163880035714
0.415, 0.043740504850203435
0.416, 0.04001712851054433
0.417, 0.03614862956075204
0.418, 0.03215157542760638
0.419, 0.028040267390164807
0.42, 0.0238336052792021
0.421, 0.01954687414202707
0.422, 0.015199107848602034
0.423, 0.01080553038054672
0.424, 0.006384424194519135
0.425, 0.0019533829262043125
0.426, -0.002469597671150027
0.427, -0.006867431112406789
0.428, -0.011223098695343768
0.429, -0.015519544467668404
0.43, -0.01973992101641641
0.431, -0.023867306428482792
0.432, -0.02788652588012756
0.433, -0.031781934647133143
0.434, -0.03553783884740222
0.435, -0.03914071243080036
0.436, -0.04257664432802338
0.437, -0.04583337896059846
0.438, -0.048897268147012965
0.439, -0.05175814445003263
0.44, -0.0544038371724925
0.441, -0.05682651799837907
0.442, -0.05901638588459269
0.443, -0.0609666320067993
0.444, -0.0626685664121123
0.445, -0.06411814685724207
0.446, -0.06530949912822624
0.447, -0.0662394105591614
0.448, -0.0669055673710879
0.449, -0.0673050622265478
0.45, -0.06743812748048826
0.451, -0.0673051905927329
0.452, -0.06690768660697537
0.453, -0.06624752718461283
0.454, -0.06532919393656789
0.455, -0.0641570903096812
0.456, -0.06273606430900996
0.457, -0.06107367617219254
0.458, -0.0591759594946399
0.459, -0.057053032555706554
0.46, -0.05471286442781938
0.461, -0.05216647746785991
0.462, -0.04942317228560569
0.463, -0.04649596778064326
0.464, -0.04339585577700959
0.465, -0.04013706458026376
0.466, -0.03673219234739441
0.467, -0.033195540357459
0.468, -0.029540787324814747
0.469, -0.02578347446733621
0.47, -0.021939192160777655
0.471, -0.018022657236210878
0.472, -0.014049862186952852
0.473, -0.010036874006461239
0.474, -0.005999551148865448
0.475, -0.0019537893183652374
0.476, 0.002084583563754533
0.477, 0.00609930539915954
0.478, 0.010074719555822832
0.479, 0.01399451477753037
0.48, 0.01784536683625015
0.481, 0.02161037244391239
0.482, 0.02527660429946419
0.483, 0.02882803265951823
0.484, 0.03225276162251047
0.485, 0.035537131099118886
0.486, 0.03866920274712552
0.487, 0.041636519165955045
0.488, 0.044428253103602586
0.489, 0.04703391988657902
0.49, 0.04944391357666138
0.491, 0.05165042448287132
0.492, 0.05364424359396494
0.493, 0.05541897092039672
0.494, 0.05696845745260325
0.495, 0.05828739047563332
0.496, 0.059371617522628505
0.497, 0.060217211764451564
0.498, 0.06082277540747913
0.499, 0.06118604230398891
0.5, 0.06130869847765679
0.501, 0.061186175909610084
0.502, 0.06082489840501305
0.503, 0.060225330673759736
0.504, 0.05939131313703727
0.505, 0.05832633325634986
0.506, 0.057035929384369924
0.507, 0.05552602489293963
0.508, 0.05380382553337215
0.509, 0.051876922076150384
0.51, 0.049752959640220515
0.511, 0.04744227023484886
0.512, 0.04495414256200367
0.513, 0.042299122360863056
0.514, 0.03948840327756652
0.515, 0.036533447036628676
0.516, 0.033447138498448443
0.517, 0.030241660268000212
0.518, 0.026930831816054508
0.519, 0.02352657285979415
0.52, 0.020044607814160988
0.521, 0.01649765696752185
0.522, 0.012901487175472504
0.523, 0.009268727127846153
0.524, 0.00561451439831244
0.525, 0.001953419870946215
0.526, -0.0016996750511486206
0.527, -0.005330676101600605
0.528, -0.008925556796953163
0.529, -0.012470253403679382
0.53, -0.015950910727580585
0.531, -0.01935359907431743
0.532, -0.02266586104331463
0.533, -0.02587489146489749
0.534, -0.02896783601151162
0.535, -0.031933641793430896
0.536, -0.03476096250029312
0.537, -0.037439801984121945
0.538, -0.03995904628950218
0.539, -0.042310451548406035
0.54, -0.04448413702700962
0.541, -0.04647383158437128
0.542, -0.04827162721375337
0.543, -0.04987205853598185
0.544, -0.05126814543746482
0.545, -0.05245676166024907
0.546, -0.05343325430415402
0.547, -0.054195143491545576
0.548, -0.054740726100354874
0.549, -0.055067766515704136
0.55, -0.05517664975676311
0.551, -0.05506789488188919
0.552, -0.05474284533624234
0.553, -0.05420326011699699
0.554, -0.05345294911249569
0.555, -0.05249570511268818
0.556, -0.0513356433343625
0.557, -0.049979102701375094
0.558, -0.048431200823800584
0.559, -0.04670034614169877
0.56, -0.044793164282336484
0.561, -0.04271878456623331
0.562, -0.040484950428094905
0.563, -0.03810239080416674
0.564, -0.03558017394927932
0.565, -0.032929993942894295
0.566, -0.030162189511503804
0.567, -0.02728849717522335
0.568, -0.024320122488001812
0.569, -0.021269767113170843
0.57, -0.01815018187194183
0.571, -0.014973366172221851
0.572, -0.011752320288562249
0.573, -0.008500118995655054
0.574, -0.00522962852886404
0.575, -0.001953752373623335
0.576, 0.0013146737675478366
0.577, 0.004562502146458971
0.578, 0.007777098882693299
0.579, 0.010945297603025147
0.58, 0.01405636937120904
0.581, 0.01709667791354173
0.582, 0.02005586068791232
0.583, 0.02292106336676639
0.584, 0.02568277161041458
0.585, 0.028330073285544138
0.586, 0.03085344214465632
0.587, 0.03324295501327324
0.588, 0.03549001353704195
0.589, 0.03758630087443623
0.59, 0.03952422625497319
0.591, 0.04129768982696915
0.592, 0.04289943668123123
0.593, 0.044324471339063094
0.594, 0.045568018768905934
0.595, 0.04662601810243501
0.596, 0.04749532445666193
0.597, 0.04817295752063044
0.598, 0.0486580080262299
0.599, 0.04894882048262902
0.6, 0.049046958782125435
0.601, 0.04894895408825017
0.602, 0.048660131023763833
0.603, 0.048181076429938595
0.604, 0.04751502007107069
0.605, 0.04666496088315153
0.606, 0.0456354907006726
0.607, 0.044431525311605984
0.608, 0.04305901862063844
0.609, 0.04152418742024821
0.61, 0.039833272318532315
0.611, 0.03799465122270607
0.612, 0.03601590299544303
0.613, 0.033905558208181245
0.614, 0.03167264267509732
0.615, 0.02932638922305391
0.616, 0.026877148486352552
0.617, 0.02433469097524837
0.618, 0.021710088204502636
0.619, 0.0190128783294235
0.62, 0.016255610349119872
0.621, 0.013448439793016624
0.622, 0.010603866502342971
0.623, 0.00773192387514558
0.624, 0.004844604602105742
0.625, 0.001953456815688117
0.626, -0.0009297524311472143
0.627, -0.0037939210907944206
0.628, -0.006628014898562562
0.629, -0.009420962339690354
0.63, -0.012161900438744766
0.631, -0.014839891720152066
0.632, -0.017445196206501687
0.633, -0.01996784828266185
0.634, -0.022397833175621013
0.635, -0.024726571156061434
0.636, -0.02694528067256284
0.637, -0.02904622500764542
0.638, -0.0310208244319914
0.639, -0.032862758646779455
0.64, -0.0345644368815267
0.641, -0.0361211451703635
0.642, -0.03752686854291403
0.643, -0.038777485065164416
0.644, -0.03986772446281735
0.645, -0.04079537646325604
0.646, -0.041557009480081834
0.647, -0.04215087642392973
0.648, -0.04257588482962184
0.649, -0.04283047080486041
0.65, -0.042915172033038004
0.651, -0.04283059917104551
0.652, -0.042578004065509316
0.653, -0.04215899304938116
0.654, -0.04157670428842349
0.655, -0.04083431991569516
0.656, -0.03993522235971503
0.657, -0.03888452923055766
0.658, -0.03768644215296125
0.659, -0.036347659727690995
0.66, -0.034873464136853584
0.661, -0.03327109166460672
0.662, -0.03154672857058412
0.663, -0.029708813827690216
0.664, -0.027764492121549054
0.665, -0.025722923305524833
0.666, -0.02359218667561319
0.667, -0.021381453992987704
0.668, -0.019099457651188874
0.669, -0.016756059759005477
0.67, -0.014361171583106007
0.671, -0.011924075108232826
0.672, -0.009454778390171649
0.673, -0.0069633639848488684
0.674, -0.004459705908862634
0.675, -0.001953715428881433
0.676, 0.000544763971341139
0.677, 0.0030256988937584026
0.678, 0.005479478209563767
0.679, 0.007896080428519924
0.68, 0.010267371906167928
0.681, 0.012582983383171077
0.682, 0.014835117076360448
0.683, 0.017014094074014545
0.684, 0.019112781598318695
0.685, 0.02112301547196939
0.686, 0.023037681542187112
0.687, 0.024849390860591427
0.688, 0.02655177397048133
0.689, 0.028138681862293447
0.69, 0.029604538933285005
0.691, 0.030944955171066976
0.692, 0.032154629768497534
0.693, 0.03322997175772946
0.694, 0.034167580085208614
0.695, 0.03496464572923669
0.696, 0.035619031390695347
0.697, 0.036128703276809296
0.698, 0.03649324064498068
0.699, 0.03671159866126911
0.7, 0.036785219086594066
0.701, 0.03671173226689028
0.702, 0.036495363642514614
0.703, 0.03613682218611747
0.704, 0.03563872700510411
0.705, 0.03500358850995322
0.706, 0.03423505201697528
0.707, 0.03333702573027236
0.708, 0.03231421170790474
0.709, 0.031171452764346044
0.71, 0.029913584996844125
0.711, 0.02854703221056329
0.712, 0.02707766342888241
0.713, 0.025511994055499424
0.714, 0.023856882072628118
0.715, 0.02211933140947915
0.716, 0.020307158474256664
0.717, 0.018427721682496522
0.718, 0.01648934459295077
0.719, 0.014499183799052847
0.72, 0.012466612884078758
0.721, 0.010399222618511401
0.722, 0.008306245829213436
0.723, 0.006195120622445012
0.724, 0.004074694805899043
0.725, 0.0019534937604300195
0.726, -0.00015982981114580732
0.727, -0.0022571660799882358
0.728, -0.004330473000171962
0.729, -0.006371671275701324
0.73, -0.008372890149908946
0.731, -0.010326184365986705
0.732, -0.012224531369688752
0.733, -0.014060805100426189
0.734, -0.015827830339730408
0.735, -0.017519500518691968
0.736, -0.01912959884483257
0.737, -0.020652648031168903
0.738, -0.02208260257448061
0.739, -0.023415065745152844
0.74, -0.024644736736043803
0.741, -0.02576845875635572
0.742, -0.026782109872074706
0.743, -0.027682911594346975
0.744, -0.02846730348816987
0.745, -0.02913399126626301
0.746, -0.029680764656009648
0.747, -0.030106609356313905
0.748, -0.03041104355888881
0.749, -0.03059317509401674
0.75, -0.03065369430931285
0.751, -0.030593303460201775
0.752, -0.030413162794776304
0.753, -0.03011472598176529
0.754, -0.02970045946435132
0.755, -0.029172934718702127
0.756, -0.02853480138506753
0.757, -0.027789955759740224
0.758, -0.026941683482121916
0.759, -0.02599497331368321
0.76, -0.024953763991370684
0.761, -0.02382339876298012
0.762, -0.02260850671307333
0.763, -0.021315236851213698
0.764, -0.019948810293818783
0.765, -0.018515852668155364
0.766, -0.01702218383972259
0.767, -0.015474410810752053
0.768, -0.01387879281437594
0.769, -0.012242352404840116
0.77, -0.010572161294270183
0.771, -0.008874784044243801
0.772, -0.007157236491781047
0.773, -0.005426608974042685
0.774, -0.0036897832888612273
0.775, -0.001953678484139531
0.776, -0.00022514582486555786
0.777, 0.0014888956410578336
0.778, 0.003181857536434232
0.779, 0.004846863254014704
0.78, 0.006478374441126814
0.781, 0.008069288852800421
0.782, 0.00961437346480858
0.783, 0.011107124781262702
0.784, 0.012542791586222797
0.785, 0.013915957658394627
0.786, 0.015221920939717904
0.787, 0.01645582670790962
0.788, 0.017613534403920713
0.789, 0.018691062850150656
0.79, 0.019684851611596815
0.791, 0.020592220515164808
0.792, 0.021409822855763816
0.793, 0.022135472176395807
0.794, 0.0227671414015113
0.795, 0.023303273356038375
0.796, 0.023742738324728774
0.797, 0.024084449032988172
0.798, 0.024328473263731477
0.799, 0.024474376839909214
0.8, 0.02452347939106272
0.801, 0.024474510445530385
0.802, 0.024330596261265398
0.803, 0.02409256794229634
0.804, 0.023762433939137535
0.805, 0.023342216136754905
0.806, 0.022834613333277968
0.807, 0.022242526148938725
0.808, 0.021569404795171023
0.809, 0.02081871810844387
0.81, 0.019993897675155935
0.811, 0.01909941319842051
0.812, 0.01813942386232178
0.813, 0.017118429902817617
0.814, 0.01604112147015891
0.815, 0.014912273595904399
0.816, 0.013737168462160767
0.817, 0.012520752389744679
0.818, 0.011268600981398902
0.819, 0.009985489268682193
0.82, 0.008677615419037643
0.821, 0.007350005444006182
0.822, 0.006008625156083901
0.823, 0.004658317369744443
0.824, 0.003304785009692346
0.825, 0.001953530705171922
0.826, 0.0006100928088555995
0.827, -0.0007204110691820512
0.828, -0.00203293110178136
0.829, -0.003322380211712302
0.83, -0.004583879861073115
0.831, -0.005812477011821341
0.832, -0.007003866532875813
0.833, -0.00815376191819054
0.834, -0.00925782750383981
0.835, -0.010312429881322497
0.836, -0.0113139170171023
0.837, -0.012259071054692384
0.838, -0.013144380716969816
0.839, -0.013967372843526255
0.84, -0.014725036590560906
0.841, -0.015415772342347934
0.842, -0.01603735120123538
0.843, -0.016588338123529545
0.844, -0.017066882513522383
0.845, -0.01747260606926998
0.846, -0.017804519831937458
0.847, -0.018062342288698064
0.848, -0.018246202288155794
0.849, -0.018355879383173037
0.85, -0.018392216585587706
0.851, -0.018356007749358076
0.852, -0.018248321524043275
0.853, -0.018070458914149455
0.854, -0.01782421464027912
0.855, -0.017511549521709094
0.856, -0.017134380410420053
0.857, -0.016695382288922787
0.858, -0.01619692481128259
0.859, -0.015642286899675423
0.86, -0.015034063845887789
0.861, -0.014375705861353527
0.862, -0.01367028485556255
0.863, -0.012921659874737174
0.864, -0.012133128466088512
0.865, -0.011308782030785903
0.866, -0.010452181003831993
0.867, -0.009567367628516406
0.868, -0.008658127977563003
0.869, -0.007728645050674751
0.87, -0.006783151005434358
0.871, -0.0058254929802547765
0.872, -0.004859694593390446
0.873, -0.003889853963236501
0.874, -0.002919860668859821
0.875, -0.0019536415393976284
0.876, -0.0009950556210722552
0.877, -4.7907611642735504e-05
0.878, 0.0008842368633046994
0.879, 0.001797646079509481
0.88, 0.0026893769760856995
0.881, 0.003555594322429769
0.882, 0.004393629853256706
0.883, 0.005200155488510858
0.884, 0.005972801574126907
0.885, 0.006708899844819872
0.886, 0.007406160337248701
0.887, 0.00806226255522781
0.888, 0.008675294837360086
0.889, 0.009243443838007874
0.89, 0.009765164289908626
0.891, 0.010239485859262638
0.892, 0.010665015943030109
0.893, 0.01104097259506218
0.894, 0.011366702717813983
0.895, 0.011641900982840053
0.896, 0.011866445258762194
0.897, 0.012040194789167045
0.898, 0.012163705882482256
0.899, 0.012237155018549311
0.9, 0.01226173969553136
0.901, 0.012237288624170483
0.902, 0.012165828880016178
0.903, 0.012048313698475213
0.904, 0.01188614087317096
0.905, 0.011680843763556582
0.906, 0.011434174649580651
0.907, 0.011148026567605092
0.908, 0.01082459788243731
0.909, 0.010465983452541698
0.91, 0.01007421035346775
0.911, 0.009651794186277714
0.912, 0.009201184295761158
0.913, 0.00872486575013581
0.914, 0.008225360867689704
0.915, 0.00770521578232964
0.916, 0.007167178450064875
0.917, 0.006613783096992833
0.918, 0.0060478573698470334
0.919, 0.005471794738311539
0.92, 0.00488861795399653
0.921, 0.0043007882695009604
0.922, 0.0037110044829543674
0.923, 0.003121514117043873
0.924, 0.0025348752134856495
0.925, 0.001953567649913824
0.926, 0.0013800154288570066
0.927, 0.0008163439416241324
0.928, 0.00026461079660924214
0.929, -0.00027308914772327563
0.93, -0.0007948695722372905
0.931, -0.0012987696576559763
0.932, -0.0017832016960628752
0.933, -0.0022467187359548916
0.934, -0.0026878246679492095
0.935, -0.0031053592439530308
0.936, -0.00349823518937203
0.937, -0.003865494078215866
0.938, -0.004206158859459026
0.939, -0.004519679941899659
0.94, -0.004805336445078005
0.941, -0.005063085928340146
0.942, -0.00529259253039606
0.943, -0.0054937646527121
0.944, -0.005666461538874905
0.945, -0.005811220872276957
0.946, -0.005928275007865261
0.947, -0.0060180752210822214
0.948, -0.006081361017422772
0.949, -0.006118583672329329
0.95, -0.006130738861862573
0.951, -0.006118712038514373
0.952, -0.006083480253310247
0.953, -0.006026191846533615
0.954, -0.00594796981620693
0.955, -0.005850164324716069
0.956, -0.0057339594357725746
0.957, -0.0056008088181053435
0.958, -0.005452166140443268
0.959, -0.005289600485667637
0.96, -0.005114363700404889
0.961, -0.004928012959726934
0.962, -0.0047320629980517614
0.963, -0.004528082898260654
0.964, -0.004317446638358242
0.965, -0.004101711393416435
0.966, -0.003882178167941393
0.967, -0.0036603244462807575
0.968, -0.0034374631407500626
0.969, -0.0032149376965093872
0.97, -0.0029941407165985333
0.971, -0.0027762019162657497
0.972, -0.002562152694999844
0.973, -0.002353098952430317
0.974, -0.0021499380488584135
0.975, -0.0019536045946557264
0.976, -0.001764965417278952
0.977, -0.0015847108643433044
0.978, -0.0014133838098248342
0.979, -0.0012515710949957402
0.98, -0.0010996204889554152
0.981, -0.0009581002079408846
0.982, -0.0008271137582951632
0.983, -0.0007068138042409879
0.984, -0.0005971884379689846
0.985, -0.0004981579687548853
0.986, -0.00040960026522050087
0.987, -0.0003313015974540004
0.988, -0.00026294472920053777
0.989, -0.00020417517413491904
0.99, -0.00015452303177956165
0.991, -0.00011324879663953068
0.992, -7.97909697036018e-05
0.993, -5.352698627145605e-05
0.994, -3.3735965883332295e-05
0.995, -1.947139035826507e-05
0.996, -9.847807204383443e-06
0.997, -4.059454654084856e-06
0.998, -1.061498766961606e-06
0.999, -6.680281058498008e-08
